3156.444254 1.000996
3156.464686 1.000748
3156.485119 1.000596
3156.505551 1.000568
3156.525983 1.000533
3156.546416 1.000474
3156.566848 1.000528
3156.587281 1.000452
3156.607713 1.000406
3156.628146 1.000345
3156.648578 1.000239
3156.669010 1.000210
3156.689443 1.000098
3156.709875 1.000180
3156.730308 1.000177
3156.750740 1.000115
3156.771172 1.000112
3156.791605 1.000063
3156.812037 0.999927
3156.832470 0.999893
3156.852902 0.999625
3156.873334 1.000258
3156.893767 1.000167
3156.914199 1.000091
3156.934632 0.999996
3156.955064 0.999879
3156.975497 0.999822
3156.995929 0.999818
3157.016361 0.999878
3157.036794 0.999889
3157.057226 0.999865
3157.077659 0.999926
3157.098091 0.999937
3157.118523 0.999946
3157.138956 0.999818
3157.159388 0.999847
3157.179820 0.999953
3157.200253 0.999890
3157.220685 0.999911
3157.241118 0.999945
3157.261550 0.999893
3157.281982 0.999927
3157.302415 0.999826
3157.322847 0.999834
3157.343280 0.999791
3157.363712 1.000192
3157.384144 1.000136
3157.404577 1.000097
3157.425009 1.000090
3157.445442 1.000115
3157.465874 1.000075
3157.486306 1.000050
3157.506739 1.000049
3157.527171 1.000047
3157.547604 1.000016
3157.568036 1.000004
3157.588468 1.000060
3157.608901 1.000076
3157.629333 0.999964
3157.649765 0.999924
3157.670198 0.999984
3157.690630 0.999946
3157.711063 0.999917
3157.731495 0.999840
3157.751927 0.999921
3157.772360 0.999938
3157.792792 1.000000
3157.813224 1.000344
3157.833657 1.000295
3157.854089 1.000105
3157.874522 0.999982
3157.894954 0.999985
3157.915386 0.999910
3157.935819 0.999891
3157.956251 0.999936
3157.976684 0.999940
3157.997116 0.999873
3158.017548 0.999812
3158.037981 0.999841
3158.058413 0.999994
3158.078845 1.000103
3158.099278 1.000146
3158.119710 1.000063
3158.140142 0.999957
3158.160575 1.000025
3158.181007 1.000048
3158.201440 0.999993
3158.221872 0.999941
3158.242304 0.999946
3158.262737 0.999955
3158.283169 0.999962
3158.303602 1.000021
3158.364899 0.999999
3158.385331 1.000098
3158.405763 1.000034
3158.426196 0.999991
3158.446628 1.000027
3158.467060 1.000066
3158.487493 0.999960
3158.507925 0.999925
3158.528358 0.999993
3158.548790 1.000013
3158.569222 0.999941
3158.589655 1.000089
3158.610087 1.000070
3158.630519 1.000069
3158.650952 1.000056
3158.671384 1.000132
3158.691816 1.000040
3158.712249 1.000102
3158.732681 0.999979
3158.753114 0.999974
3158.773546 0.999978
3158.793978 1.000047
3158.814411 0.999989
3158.834843 1.000130
3158.855275 1.000086
3158.875708 1.000070
3158.896140 1.000025
3158.916572 0.999932
3158.937005 0.999940
3158.957437 0.999987
3158.977869 0.999953
3158.998302 0.999890
3159.018734 0.999848
3159.039166 0.999861
3159.059599 0.999899
3159.080031 1.000120
3159.100463 1.000137
3159.120896 0.999961
3159.141328 1.000084
3159.161761 1.000011
3159.182193 1.000012
3159.202625 0.999940
3159.223058 0.999998
3159.243490 0.999932
3159.263922 0.999906
3159.284355 0.999936
3159.304787 1.000035
3159.325219 1.000146
3159.345652 1.000094
3159.366084 1.000105
3159.386516 1.000171
3159.406949 1.000130
3159.427381 1.000114
3159.447813 1.000015
3159.468246 0.999995
3159.488678 1.000023
3159.509110 1.000027
3159.529543 0.999995
3159.549975 0.999946
3159.570407 1.000169
3159.590840 1.000152
3159.611272 1.000184
3159.631704 1.000114
3159.652137 1.000009
3159.672569 1.000005
3159.693001 1.000014
3159.713434 0.999977
3159.733866 0.999907
3159.754298 0.999978
3159.774731 0.999903
3159.795163 0.999932
3159.815595 1.000124
3159.836028 0.999953
3159.856460 0.999949
3159.876892 0.999979
3159.897325 1.000039
3159.917757 0.999981
3159.938189 0.999979
3159.958622 0.999924
3159.979054 1.000024
3159.999486 0.999951
3160.019919 0.999939
3160.040351 1.000019
3160.060783 1.000110
3160.081216 1.000068
3160.101648 1.000139
3160.122080 1.000405
3160.142513 1.000068
3160.162945 0.999986
3160.183377 0.999967
3160.203810 1.000023
3160.224242 0.999971
3160.244674 0.999870
3160.265106 0.999878
3160.326403 1.000125
3160.346836 0.999981
3160.367268 1.000016
3160.387700 1.000075
3160.408133 1.000076
3160.428565 1.000026
3160.448997 1.000032
3160.469430 1.000058
3160.489862 1.000000
3160.510294 1.000042
3160.530727 1.000039
3160.551159 0.999991
3160.571591 1.000012
3160.592024 0.999947
3160.612456 1.000007
3160.632888 1.000050
3160.653321 0.999982
3160.673753 0.999949
3160.694185 0.999931
3160.714617 0.999926
3160.735050 0.999959
3160.755482 0.999906
3160.775914 0.999925
3160.796347 1.000059
3160.816779 1.000047
3160.837211 0.999969
3160.857644 1.000018
3160.878076 0.999988
3160.898508 1.000033
3160.918940 1.000032
3160.939373 1.000019
3160.959805 0.999996
3160.980237 1.000020
3161.000670 1.000007
3161.021102 0.999974
3161.041534 0.999957
3161.061967 0.999969
3161.082399 1.000042
3161.102831 1.000000
3161.123264 1.000032
3161.143696 0.999979
3161.164128 1.000112
3161.184560 1.000022
3161.204993 1.000071
3161.225425 1.000063
3161.245857 0.999983
3161.266290 1.000010
3161.286722 1.000071
3161.307154 0.999919
3161.327587 0.999984
3161.348019 1.000015
3161.368451 0.999978
3161.388883 1.000017
3161.409316 0.999992
3161.429748 1.000000
3161.450180 1.000001
3161.470613 1.000034
3161.491045 1.000000
3161.511477 0.999926
3161.531910 0.999969
3161.552342 0.999972
3161.572774 1.000023
3161.593206 1.000087
3161.613639 1.000041
3161.634071 0.999980
3161.654503 1.000001
3161.674935 0.999995
3161.695368 0.999950
3161.715800 1.000019
3161.736232 0.999957
3161.756665 1.000040
3161.777097 0.999946
3161.797529 1.000023
3161.817962 0.999952
3161.838394 0.999937
3161.858826 0.999982
3161.879258 0.999977
3161.899691 1.000025
3161.920123 0.999962
3161.940555 0.999969
3161.960987 0.999981
3161.981420 0.999990
3162.001852 0.999901
3162.022284 1.000006
3162.042717 1.000023
3162.063149 1.000043
3162.083581 1.000030
3162.104013 1.000095
3162.124446 1.000067
3162.144878 1.000012
3162.165310 1.000036
3162.185743 0.999934
3162.206175 1.000007
3162.226607 0.999915
3162.287904 1.000006
3162.308336 1.000062
3162.328768 0.999929
3162.349201 0.999968
3162.369633 0.999993
3162.390065 1.000037
3162.410498 1.000030
3162.430930 0.999980
3162.451362 1.000068
3162.471794 1.000002
3162.492227 1.000021
3162.512659 1.000104
3162.533091 1.000003
3162.553523 0.999959
3162.573956 0.999989
3162.594388 1.000041
3162.614820 1.000000
3162.635252 0.999917
3162.655685 1.000008
3162.676117 1.000013
3162.696549 0.999997
3162.716982 0.999959
3162.737414 0.999939
3162.757846 1.000128
3162.778278 1.000000
3162.798711 0.999928
3162.819143 0.999987
3162.839575 0.999904
3162.860007 0.999958
3162.880440 0.999964
3162.900872 0.999907
3162.921304 0.999963
3162.941736 0.999953
3162.962169 0.999961
3162.982601 0.999972
3163.003033 1.000065
3163.023465 1.000023
3163.043898 1.000015
3163.064330 1.000077
3163.084762 0.999925
3163.105194 0.999992
3163.125627 0.999900
3163.146059 0.999971
3163.166491 0.999941
3163.186923 0.999874
3163.207356 0.999866
3163.227788 0.999852
3163.248220 1.000036
3163.268652 1.000065
3163.289085 0.999979
3163.309517 1.000014
3163.329949 0.999932
3163.350382 1.000313
3163.370814 1.000001
3163.391246 0.999991
3163.411678 1.000000
3163.432110 1.000005
3163.452543 0.999999
3163.472975 0.999990
3163.493407 1.000132
3163.513839 0.999996
3163.534272 0.999943
3163.554704 1.000026
3163.575136 1.000000
3163.595568 1.000044
3163.616001 0.999951
3163.636433 1.000060
3163.656865 1.000034
3163.677297 1.000065
3163.697730 1.000077
3163.718162 1.000088
3163.738594 1.000124
3163.759026 1.000130
3163.779459 1.000077
3163.799891 1.000076
3163.820323 1.000037
3163.840755 0.999983
3163.861187 1.000102
3163.881620 0.999995
3163.902052 1.000022
3163.922484 0.999944
3163.942917 1.000019
3163.963349 1.000000
3163.983781 1.000034
3164.004213 1.000003
3164.024645 0.999940
3164.045078 0.999970
3164.065510 0.999977
3164.085942 0.999971
3164.106374 0.999989
3164.126807 0.999951
3164.147239 1.000029
3164.167671 0.999932
3164.188103 0.999865
3164.249400 1.000032
3164.269832 0.999957
3164.290264 1.000023
3164.310697 0.999970
3164.331129 1.000013
3164.351561 0.999988
3164.371993 0.999981
3164.392426 1.000034
3164.412858 0.999954
3164.433290 0.999949
3164.453722 0.999874
3164.474154 1.000072
3164.494587 1.000024
3164.515019 0.999982
3164.535451 0.999976
3164.555883 1.000010
3164.576315 0.999953
3164.596748 0.999997
3164.617180 0.999941
3164.637612 0.999984
3164.658044 1.000004
3164.678477 1.000099
3164.698909 0.999973
3164.719341 1.000017
3164.739773 1.000090
3164.760205 1.000031
3164.780638 1.000033
3164.801070 1.000086
3164.821502 0.999994
3164.841934 0.999958
3164.862367 1.000050
3164.882799 1.000076
3164.903231 1.000058
3164.923663 1.000030
3164.944095 1.000026
3164.964528 1.000055
3164.984960 1.000039
3165.005392 1.000025
3165.025824 1.000007
3165.046256 0.999992
3165.066689 0.999951
3165.087121 0.999981
3165.107553 0.999953
3165.127985 0.999943
3165.148418 1.000003
3165.168850 0.999923
3165.189282 1.000001
3165.209714 0.999946
3165.230146 0.999968
3165.250579 0.999976
3165.271011 1.000013
3165.291443 0.999949
3165.311875 1.000008
3165.332307 1.000026
3165.352740 1.000027
3165.373172 1.000028
3165.393604 1.000008
3165.414036 1.000004
3165.434468 1.000053
3165.454901 0.999996
3165.475333 0.999945
3165.495765 0.999948
3165.516197 0.999885
3165.536629 0.999824
3165.557062 0.999870
3165.577494 0.999900
3165.597926 0.999865
3165.618358 0.999883
3165.638790 0.999976
3165.659223 0.999872
3165.679655 0.999905
3165.700087 1.000071
3165.720519 1.000138
3165.740951 1.000065
3165.761384 1.000163
3165.781816 1.000024
3165.802248 1.000070
3165.822680 1.000068
3165.843112 1.000025
3165.863545 1.000047
3165.883977 1.000107
3165.904409 1.000112
3165.924841 1.000023
3165.945273 0.999975
3165.965706 0.999948
3165.986138 0.999860
3166.006570 0.999849
3166.027002 0.999858
3166.047434 0.999814
3166.067866 0.999853
3166.088299 0.999791
3166.108731 0.999818
3166.129163 0.999909
3166.149595 0.999837
3166.210892 1.000015
3166.231324 1.000002
3166.251756 1.000022
3166.272188 1.000122
3166.292621 1.000155
3166.313053 1.000145
3166.333485 1.000122
3166.353917 1.000118
3166.374349 1.000088
3166.394781 1.000067
3166.415214 1.000076
3166.435646 1.000113
3166.456078 1.000095
3166.476510 1.000000
3166.496942 0.999980
3166.517374 0.999915
3166.537807 0.999979
3166.558239 0.999978
3166.578671 1.000049
3166.599103 1.000090
3166.619535 1.000011
3166.639967 0.999967
3166.660400 1.000011
3166.680832 1.000001
3166.701264 1.000014
3166.782993 0.999965
3166.803425 0.999948
3166.823857 0.999937
3166.844289 0.999951
3166.864721 0.999970
3166.885154 1.000028
3166.905586 0.999993
3166.926018 0.999991
3166.946450 1.000028
3166.966882 0.999988
3166.987314 1.000098
3167.007747 1.000036
3167.028179 1.000053
3167.048611 1.000010
3167.069043 1.000014
3167.089475 0.999983
3167.109907 1.000041
3167.130340 1.000020
3167.150772 1.000051
3167.171204 1.000019
3167.191636 1.000027
3167.212068 0.999997
3167.232500 1.000028
3167.252933 0.999997
3167.273365 1.000019
3167.293797 1.000052
3167.314229 1.000001
3167.334661 0.999948
3167.355093 0.999952
3167.375526 0.999966
3167.395958 0.999910
3167.416390 0.999975
3167.436822 0.999851
3167.457254 0.999945
3167.477686 0.999896
3167.498119 0.999887
3167.518551 0.999837
3167.538983 0.999834
3167.559415 0.999815
3167.579847 0.999832
3167.600279 0.999795
3167.620711 0.999710
3167.641144 0.999760
3167.661576 0.999969
3167.682008 0.999911
3167.702440 1.000017
3167.722872 0.999896
3167.743304 0.999992
3167.763737 0.999991
3167.784169 0.999993
3167.804601 1.000096
3167.825033 1.000015
3167.845465 1.000088
3167.865897 1.000011
3167.886329 1.000044
3167.906761 1.000031
3167.927194 1.000001
3167.947626 1.000038
3167.968058 1.000071
3167.988490 1.000061
3168.008922 1.000021
3168.029355 1.000013
3168.049787 0.999941
3168.070219 0.999981
3168.090651 0.999918
3168.111083 1.000019
3168.172379 1.000010
3168.192812 0.999978
3168.213244 0.999997
3168.233676 0.999984
3168.254108 1.000008
3168.274540 1.000067
3168.294972 0.999943
3168.315404 1.000053
3168.335837 1.000003
3168.356269 1.000048
3168.376701 1.000042
3168.397133 0.999976
3168.417565 1.000008
3168.437997 1.000065
3168.458429 1.000019
3168.478862 0.999987
3168.499294 0.999943
3168.519726 1.000018
3168.540158 0.999992
3168.560590 0.999941
3168.581022 1.000014
3168.601454 0.999990
3168.621887 1.000026
3168.642319 0.999977
3168.662751 1.000016
3168.683183 0.999909
3168.703615 0.999951
3168.724047 1.000001
3168.744479 0.999914
3168.764911 0.999931
3168.785344 0.999971
3168.805776 1.000015
3168.826208 1.000000
3168.846640 0.999974
3168.867072 0.999987
3168.887504 0.999981
3168.907936 0.999974
3168.928368 0.999992
3168.948801 1.000019
3168.969233 1.000042
3168.989665 1.000023
3169.010097 1.000045
3169.030529 1.000005
3169.050961 1.000091
3169.071393 1.000024
3169.091825 1.000014
3169.112258 1.000085
3169.132690 1.000038
3169.153122 1.000059
3169.173554 0.999978
3169.193986 0.999990
3169.214418 1.000022
3169.234850 1.000054
3169.255282 1.000027
3169.275715 1.000031
3169.296147 0.999982
3169.316579 1.000081
3169.337011 0.999986
3169.357443 1.000014
3169.377875 0.999907
3169.398307 0.999918
3169.418739 0.999881
3169.439171 0.999968
3169.459604 1.000086
3169.480036 0.999940
3169.500468 0.999857
3169.520900 0.999915
3169.541332 0.999964
3169.561764 0.999918
3169.582196 1.000040
3169.602628 0.999953
3169.623060 0.999978
3169.643493 0.999997
3169.663925 1.000087
3169.684357 1.000120
3169.704789 1.000044
3169.725221 0.999943
3169.745653 0.999978
3169.766085 1.000011
3169.786517 0.999993
3169.806950 0.999910
3169.827382 1.000000
3169.847814 1.000025
3169.868246 1.000030
3169.888678 1.000015
3169.909110 1.000015
3169.929542 1.000048
3169.949974 1.000000
3169.970406 0.999993
3169.990838 1.000002
3170.011271 1.000084
3170.031703 1.000114
3170.052135 1.000065
3170.072567 1.000104
3170.133863 1.000101
3170.154295 1.000095
3170.174727 1.000061
3170.195159 1.000034
3170.215592 1.000070
3170.236024 0.999925
3170.256456 0.999999
3170.276888 1.000000
3170.297320 1.000033
3170.317752 0.999964
3170.338184 0.999983
3170.358616 1.000018
3170.603802 0.998941
3170.624234 1.000011
3170.644666 1.000286
3170.665098 0.999985
3170.685530 1.000086
3170.705962 0.999997
3170.726394 0.999985
3170.746826 0.999896
3170.767259 0.999956
3170.787691 1.000005
3170.808123 0.999981
3170.828555 0.999964
3170.848987 0.999954
3170.869419 0.999980
3170.889851 0.999941
3170.910283 1.000009
3170.930715 0.999994
3170.951147 0.999987
3170.971579 1.000030
3170.992011 0.999928
3171.012443 1.000026
3171.032876 1.000025
3171.053308 1.000044
3171.073740 1.000038
3171.094172 0.999950
3171.114604 1.000078
3171.135036 1.000057
3171.155468 1.000077
3171.175900 1.000018
3171.196332 1.000034
3171.216764 0.999960
3171.237196 0.999998
3171.257629 0.999957
3171.278060 1.000005
3171.298493 0.999897
3171.318925 0.999961
3171.339357 0.999920
3171.359789 0.999951
3171.380221 0.999869
3171.400653 0.999904
3171.421085 0.999869
3171.441517 0.999934
3171.461949 0.999873
3171.482381 0.999866
3171.502813 0.999864
3171.523246 0.999893
3171.543678 0.999777
3171.564110 0.999847
3171.584542 1.000024
3171.604974 1.000023
3171.625406 0.999959
3171.645838 1.000065
3171.666270 1.000070
3171.686702 1.000058
3171.707134 1.000078
3171.727566 1.000047
3171.747998 1.000092
3171.768430 1.000061
3171.788862 1.000188
3171.809294 1.000041
3171.829727 1.000107
3171.850159 0.999990
3171.870591 1.000037
3171.891023 1.000042
3171.911455 1.000070
3171.931887 1.000024
3171.952319 1.000056
3171.972751 1.000046
3171.993183 1.000051
3172.013615 1.000083
3172.034047 1.000059
3172.095343 0.999904
3172.115776 0.999879
3172.136208 0.999996
3172.156640 0.999993
3172.177072 1.000011
3172.197504 0.999977
3172.217936 0.999988
3172.238368 1.000080
3172.258800 0.999991
3172.279232 1.000010
3172.299664 1.000048
3172.320096 0.999994
3172.340528 1.000006
3172.360960 0.999943
3172.381392 1.000064
3172.401824 0.999975
3172.422256 0.999982
3172.442688 1.000001
3172.463120 1.000000
3172.483553 1.000040
3172.503985 1.000024
3172.524417 1.000034
3172.544849 1.000056
3172.565281 1.000000
3172.585713 1.000022
3172.606145 1.000058
3172.626577 0.999956
3172.647009 0.999984
3172.667441 1.000000
3172.687873 0.999975
3172.708305 0.999924
3172.728737 0.999884
3172.749169 0.999863
3172.769601 0.999849
3172.790033 0.999963
3172.810465 0.999908
3172.830897 0.999828
3172.851329 0.999989
3172.871761 0.999921
3172.892194 1.000012
3172.912626 1.000032
3172.933058 0.999982
3172.953490 1.000050
3172.973922 1.000053
3172.994354 0.999987
3173.014786 0.999976
3173.035218 0.999985
3173.055650 1.000000
3173.076082 0.999966
3173.096514 0.999938
3173.116946 0.999978
3173.137378 0.999996
3173.157810 0.999981
3173.178242 0.999979
3173.198674 0.999995
3173.219106 0.999972
3173.239538 1.000019
3173.259970 0.999995
3173.280402 1.000019
3173.300834 1.000066
3173.321266 1.000000
3173.341698 1.000068
3173.362131 1.000066
3173.382563 1.000037
3173.402995 1.000095
3173.423427 1.000119
3173.443859 0.999967
3173.464291 1.000030
3173.484723 1.000005
3173.505155 1.000048
3173.525587 1.000070
3173.546019 1.000087
3173.566451 1.000001
3173.586883 1.000052
3173.607315 1.000033
3173.627747 1.000037
3173.648179 0.999991
3173.668611 1.000045
3173.689043 1.000021
3173.709475 0.999861
3173.729907 0.999895
3173.750339 0.999966
3173.770771 0.999885
3173.791203 0.999974
3173.811635 0.999940
3173.832067 0.999994
3173.852499 1.000147
3173.872931 0.999973
3173.893363 1.000026
3173.913795 0.999980
3173.934227 0.999960
3173.954660 1.000025
3173.975092 1.000040
3173.995523 0.999968
3174.056820 1.000001
3174.077252 1.000035
3174.097684 0.999954
3174.118116 1.000023
3174.138548 0.999982
3174.158980 1.000113
3174.179412 1.000026
3174.199844 1.000030
3174.220276 1.000068
3174.240708 1.000061
3174.261140 1.000049
3174.281572 1.000004
3174.302004 1.000000
3174.322436 1.000052
3174.342868 0.999934
3174.363300 0.999870
3174.383732 0.999931
3174.404164 0.999841
3174.424596 0.999864
3174.445028 0.999846
3174.465460 0.999890
3174.485892 1.000461
3174.506324 0.999858
3174.526756 0.999877
3174.547188 0.999944
3174.567620 0.999926
3174.588052 0.999878
3174.608484 0.999928
3174.628916 1.000000
3174.649348 1.000014
3174.669780 1.000111
3174.690212 1.000024
3174.710644 1.000093
3174.731076 1.000042
3174.751508 1.000000
3174.771940 0.999986
3174.792372 1.000006
3174.812804 1.000189
3174.833236 1.000010
3174.853668 0.999979
3174.874100 1.000021
3174.894532 1.000002
3174.914964 1.000052
3174.935396 1.000086
3174.955828 1.000033
3174.976260 1.000093
3174.996692 1.000042
3175.017124 0.999933
3175.037556 1.000170
3175.057988 1.000108
3175.078420 0.999954
3175.098852 1.000041
3175.119284 0.999954
3175.139716 0.999910
3175.160148 0.999886
3175.180580 0.999873
3175.201012 0.999999
3175.221444 0.999929
3175.241876 1.000047
3175.262308 0.999918
3175.282740 0.999974
3175.303172 0.999965
3175.323604 0.999975
3175.344036 0.999975
3175.364468 1.000067
3175.384900 1.000053
3175.405332 1.000000
3175.425764 1.000026
3175.446196 1.000056
3175.466628 1.000040
3175.487060 1.000097
3175.507492 1.000081
3175.527924 1.000154
3175.548356 1.000111
3175.568788 1.000107
3175.589220 1.000120
3175.609652 1.000115
3175.630084 1.000047
3175.650516 1.000051
3175.670948 0.999898
3175.691380 0.999864
3175.711812 0.999950
3175.732244 0.999994
3175.752676 0.999969
3175.773108 0.999906
3175.793540 0.999896
3175.813972 0.999886
3175.834404 0.999917
3175.854836 0.999983
3175.875268 0.999999
3175.895700 0.999973
3175.916132 0.999911
3175.936564 1.000001
3175.956996 1.000054
3176.018292 1.000037
3176.038724 1.000045
3176.059156 1.000014
3176.079588 1.000022
3176.100020 1.000028
3176.120452 0.999934
3176.140884 0.999938
3176.161316 0.999963
3176.181748 0.999974
3176.202180 0.999902
3176.222612 0.999931
3176.243044 1.000025
3176.263476 1.000013
3176.283908 1.000071
3176.304340 1.000001
3176.324772 0.999981
3176.345204 0.999942
3176.365636 0.999947
3176.386068 1.000011
3176.406500 1.000004
3176.426932 1.000019
3176.447364 0.999943
3176.467796 1.000075
3176.488228 1.000024
3176.508660 1.000046
3176.529092 1.000050
3176.549524 1.000050
3176.569956 1.000010
3176.590388 0.999992
3176.610820 0.999977
3176.631252 0.999939
3176.651684 0.999916
3176.672116 0.999949
3176.692548 0.999866
3176.712980 0.999994
3176.733412 1.000068
3176.753844 0.999966
3176.774276 0.999924
3176.794708 0.999894
3176.815140 0.999933
3176.835571 1.000023
3176.856004 0.999996
3176.876436 1.000021
3176.896867 1.000017
3176.917299 0.999981
3176.937731 0.999963
3176.958163 1.000092
3176.978595 1.000055
3176.999027 0.999990
3177.019459 1.000140
3177.039891 1.000113
3177.060323 1.000011
3177.080755 0.999983
3177.101187 1.000028
3177.121619 0.999997
3177.142051 1.000024
3177.162483 1.000097
3177.182915 1.000043
3177.203347 1.000083
3177.223779 0.999987
3177.244211 1.000008
3177.264643 0.999982
3177.285075 1.000061
3177.305507 0.999677
3177.325939 0.999504
3177.346371 0.999592
3177.366803 0.999531
3177.387235 0.999428
3177.407667 0.999531
3177.428099 0.999544
3177.448531 0.999571
3177.468963 0.999624
3177.489394 0.999981
3177.509827 1.000069
3177.530258 1.000035
3177.550690 1.000126
3177.571122 0.999945
3177.591554 0.999989
3177.611986 1.000056
3177.632418 1.000144
3177.652850 0.999955
3177.673282 0.999965
3177.693714 0.999937
3177.714146 1.000062
3177.734578 1.000040
3177.755010 1.000009
3177.775442 1.000044
3177.795874 1.000059
3177.816306 1.000090
3177.836738 1.000124
3177.857170 1.000125
3177.877602 1.000075
3177.898034 1.000091
3177.918466 1.000068
3177.979761 0.999940
3178.000193 0.999971
3178.020625 0.999997
3178.041057 0.999979
3178.061489 0.999994
3178.081921 0.999946
3178.102353 0.999960
3178.122785 0.999948
3178.143217 0.999965
3178.163649 1.000000
3178.184081 1.000055
3178.204513 1.000019
3178.224945 0.999976
3178.245377 1.000022
3178.265809 1.000000
3178.286241 0.999976
3178.306673 0.999924
3178.327105 0.999957
3178.347537 1.000000
3178.367969 1.000044
3178.388401 1.000038
3178.408832 1.000002
3178.429264 0.999957
3178.449696 0.999969
3178.470128 0.999922
3178.490560 0.999817
3178.510992 0.999918
3178.531424 1.000018
3178.551856 0.999972
3178.572288 1.000026
3178.592720 1.000018
3178.613152 1.000025
3178.633584 0.999950
3178.654016 1.000006
3178.674448 1.000027
3178.694880 1.000012
3178.715312 1.000034
3178.735743 0.999990
3178.756175 1.000001
3178.776607 1.000094
3178.797039 1.000062
3178.817471 1.000085
3178.837903 1.000051
3178.858335 0.999946
3178.878767 1.000009
3178.899199 0.999949
3178.919631 0.999938
3178.940063 1.000013
3178.960495 0.999922
3178.980927 0.999871
3179.001359 1.000008
3179.021791 0.999899
3179.042223 1.000034
3179.062655 0.999969
3179.083086 0.999970
3179.103518 0.999894
3179.123950 0.999955
3179.144382 1.000016
3179.164814 1.000012
3179.185246 1.000020
3179.205678 1.000043
3179.226110 0.999964
3179.246542 1.000032
3179.266974 0.999944
3179.287406 0.999988
3179.307838 1.000051
3179.328270 1.000091
3179.348702 1.000054
3179.369133 1.000020
3179.389566 0.999977
3179.409997 1.000006
3179.430429 1.000000
3179.450861 1.000033
3179.471293 0.999989
3179.491725 1.000060
3179.512157 1.000064
3179.532589 1.000020
3179.553021 1.000092
3179.573453 0.999987
3179.593885 0.999971
3179.614317 1.000031
3179.634749 1.000054
3179.655181 1.000182
3179.675612 0.999964
3179.696044 1.000041
3179.716476 1.000122
3179.736908 1.000077
3179.757340 1.000072
3179.777772 1.000043
3179.798204 1.000021
3179.818636 1.000112
3179.839068 0.999944
3179.859500 1.000012
3179.879932 1.000068
3179.941228 0.999879
3179.961659 0.999840
3179.982091 0.999903
3180.002523 0.999930
3180.022955 0.999925
3180.043387 0.999991
3180.063819 0.999937
3180.084251 0.999975
3180.104683 0.999934
3180.125115 1.000021
3180.145547 0.999952
3180.165979 1.000008
3180.186411 1.000006
3180.206842 0.999929
3180.227274 0.999920
3180.247706 0.999981
3180.268138 1.000013
3180.288570 1.000070
3180.309002 1.000025
3180.329434 0.999976
3180.349866 1.000079
3180.370298 1.000022
3180.390730 1.000042
3180.411162 1.000124
3180.431593 1.000088
3180.452025 1.000108
3180.472457 1.000023
3180.492889 1.000031
3180.513321 0.999937
3180.533753 0.999980
3180.554185 0.999932
3180.574617 0.999966
3180.595049 0.999915
3180.615481 0.999979
3180.635913 0.999938
3180.656345 1.000020
3180.676776 1.000077
3180.697208 0.999923
3180.717640 0.999940
3180.738072 0.999994
3180.758504 0.999995
3180.778936 0.999979
3180.799368 0.999946
3180.819800 1.000055
3180.840232 0.999949
3180.860664 1.000096
3180.881096 1.000041
3180.901527 1.000025
3180.921959 1.000032
3180.942391 0.999959
3180.962823 1.000038
3180.983255 1.000066
3181.003687 0.999972
3181.024119 0.999933
3181.044551 0.999970
3181.064983 0.999976
3181.085415 1.000029
3181.105847 1.000107
3181.126278 1.000096
3181.146710 0.999909
3181.167142 0.999953
3181.187574 0.999943
3181.208006 0.999914
3181.228438 1.000000
3181.248870 0.999925
3181.269302 0.999994
3181.289734 1.000016
3181.310166 0.999996
3181.330597 0.999980
3181.351029 1.000075
3181.371461 1.000016
3181.391893 1.000086
3181.412325 1.000106
3181.432757 1.000104
3181.453189 1.000069
3181.473621 1.000070
3181.494053 1.000038
3181.514484 1.000014
3181.534916 1.000027
3181.555348 1.000096
3181.575780 1.000085
3181.596212 1.000115
3181.616644 1.000152
3181.637076 0.999999
3181.657508 0.999942
3181.677940 0.999984
3181.698371 0.999990
3181.718803 0.999954
3181.739235 0.999947
3181.759667 0.999959
3181.780099 1.000066
3181.800531 0.999949
3181.820963 1.000030
3181.841395 1.000124
3181.902690 0.999883
3181.923122 0.999943
3181.943554 0.999950
3181.963986 0.999939
3181.984418 0.999923
3182.004850 0.999960
3182.025282 0.999888
3182.045714 0.999948
3182.066146 0.999886
3182.086577 0.999869
3182.107009 0.999958
3182.127441 0.999922
3182.147873 0.999998
3182.168305 0.999934
3182.188737 1.000058
3182.209169 1.000031
3182.229601 1.000036
3182.250032 1.000032
3182.270464 1.000028
3182.290896 0.999990
3182.311328 1.000033
3182.331760 1.000042
3182.352192 1.000045
3182.372624 1.000028
3182.393056 1.000016
3182.413488 1.000038
3182.433919 1.000004
3182.454351 1.000015
3182.474783 0.999916
3182.495215 0.999925
3182.515647 0.999918
3182.536079 0.999991
3182.556511 0.999908
3182.576943 1.000000
3182.597375 1.000070
3182.617806 1.000071
3182.638238 0.999979
3182.658670 1.000003
3182.679102 1.000001
3182.699534 0.999978
3182.719966 1.000019
3182.740398 0.999983
3182.760830 0.999993
3182.781261 1.000032
3182.801693 1.000071
3182.822125 0.999990
3182.842557 1.000018
3182.862989 0.999942
3182.883421 0.999901
3182.903853 0.999918
3182.924284 0.999914
3182.944716 0.999882
3182.965148 0.999970
3182.985580 0.999904
3183.006012 0.999966
3183.026444 1.000016
3183.046876 1.000035
3183.067308 1.000046
3183.087739 1.000037
3183.108171 0.999991
3183.128603 1.000048
3183.149035 0.999998
3183.169467 1.000070
3183.189899 1.000103
3183.210331 1.000056
3183.230763 0.999993
3183.251194 0.999999
3183.271626 0.999948
3183.292058 1.000021
3183.312490 1.000061
3183.332922 1.000101
3183.353354 0.999984
3183.373786 0.999966
3183.394217 0.999917
3183.414649 0.999895
3183.435081 0.999891
3183.455513 0.999894
3183.475945 0.999906
3183.496377 0.999934
3183.516809 0.999963
3183.537241 0.999961
3183.557672 1.000016
3183.578104 1.000020
3183.598536 1.000024
3183.618968 1.000003
3183.639400 0.999999
3183.659832 1.000016
3183.680264 1.000049
3183.700696 1.000123
3183.721127 0.999945
3183.741559 1.000078
3183.761991 1.000073
3183.782423 1.000131
3183.802855 1.000095
3183.864150 0.999935
3183.884582 1.000068
3183.905014 1.000033
3183.925446 0.999963
3183.945878 0.999983
3183.966310 1.000070
3183.986741 1.000026
3184.007173 1.000029
3184.027605 0.999980
3184.048037 0.999992
3184.068469 0.999958
3184.088901 1.000051
3184.109333 1.000000
3184.129765 1.000115
3184.150196 0.999975
3184.170628 0.999939
3184.191060 1.000008
3184.211492 0.999952
3184.231924 1.000016
3184.252356 1.000105
3184.272788 1.000180
3184.293219 1.000098
3184.313651 0.999982
3184.334083 0.999941
3184.354515 0.999978
3184.374947 0.999982
3184.395379 1.000028
3184.415811 0.999986
3184.436242 0.999956
3184.456674 1.000023
3184.477106 1.000060
3184.497538 1.000019
3184.517970 1.000005
3184.538402 0.999955
3184.558833 0.999961
3184.579265 1.000009
3184.599697 0.999967
3184.620129 0.999958
3184.640561 1.000022
3184.660993 0.999964
3184.681424 0.999941
3184.701856 1.000053
3184.722288 1.000071
3184.742720 1.000021
3184.763152 0.999879
3184.783584 0.999962
3184.804016 0.999972
3184.824447 0.999879
3184.844879 0.999943
3184.865311 0.999945
3184.885743 0.999929
3184.906175 1.000011
3184.926607 1.000029
3184.947039 1.000043
3184.967470 0.999985
3184.987902 1.000004
3185.008334 1.000011
3185.028766 1.000007
3185.049198 1.000005
3185.069630 0.999939
3185.090061 0.999937
3185.110493 1.000046
3185.130925 0.999986
3185.151357 1.000038
3185.171789 1.000105
3185.192221 1.000101
3185.212652 0.999998
3185.233084 0.999913
3185.253516 1.000022
3185.273948 1.000146
3185.294380 1.000222
3185.314812 0.999918
3185.335243 0.999905
3185.355675 0.999886
3185.376107 0.999923
3185.396539 0.999921
3185.416971 1.000000
3185.437403 0.999996
3185.457834 1.000033
3185.478266 1.000033
3185.498698 1.000069
3185.519130 1.000042
3185.539562 1.000009
3185.559994 0.999999
3185.580425 1.000013
3185.600857 1.000041
3185.621289 1.000028
3185.641721 1.000159
3185.662153 0.999967
3185.682585 0.999942
3185.703017 1.000000
3185.723448 1.000099
3185.743880 1.000065
3185.764312 1.000161
3185.825608 1.000030
3185.846039 0.999984
3185.866471 1.000016
3185.886903 1.000080
3185.907335 0.999981
3185.927767 0.999961
3185.948199 0.999996
3185.968630 0.999972
3185.989062 1.000023
3186.009494 0.999990
3186.029926 0.999995
3186.050358 0.999907
3186.070789 0.999920
3186.091221 0.999933
3186.111653 0.999891
3186.132085 0.999885
3186.152517 0.999915
3186.172949 0.999917
3186.193381 0.999953
3186.213812 0.999865
3186.234244 0.999958
3186.254676 0.999990
3186.275108 0.999979
3186.295540 1.000040
3186.315971 1.000006
3186.336403 1.000085
3186.356835 1.000074
3186.377267 1.000114
3186.397699 1.000083
3186.418131 1.000096
3186.438562 1.000063
3186.458994 1.000144
3186.479426 1.000118
3186.499858 1.000120
3186.520290 1.000077
3186.540721 1.000018
3186.561153 0.999946
3186.581585 0.999926
3186.602017 0.999940
3186.622449 1.000065
3186.642881 0.999844
3186.663312 0.999920
3186.683744 0.999890
3186.704176 0.999946
3186.724608 0.999931
3186.745040 0.999945
3186.765472 0.999985
3186.785903 0.999963
3186.806335 0.999998
3186.826767 0.999938
3186.847199 0.999973
3186.867631 1.000116
3186.888062 1.000004
3186.908494 1.000013
3186.928926 1.000001
3186.949358 1.000058
3186.969790 1.000075
3186.990221 1.000053
3187.010653 0.999992
3187.031085 1.000083
3187.051517 1.000028
3187.071949 0.999995
3187.092381 0.999973
3187.112812 1.000135
3187.133244 1.000027
3187.153676 1.000045
3187.174108 0.999921
3187.194540 0.999966
3187.214971 0.999966
3187.235403 1.000182
3187.255835 1.000100
3187.276267 0.999989
3187.296699 0.999895
3187.317131 0.999860
3187.337562 0.999857
3187.357994 0.999939
3187.378426 1.000019
3187.398858 0.999893
3187.419290 0.999947
3187.439721 1.000048
3187.460153 0.999975
3187.480585 1.000055
3187.501017 1.000000
3187.521449 1.000098
3187.541880 1.000034
3187.562312 1.000011
3187.582744 1.000034
3187.603176 1.000010
3187.623608 1.000006
3187.644039 1.000063
3187.664471 1.000078
3187.684903 1.000074
3187.705335 1.000092
3187.725767 0.999984
3187.787062 0.999992
3187.807494 0.999990
3187.827926 1.000066
3187.848358 1.000000
3187.868789 0.999990
3187.889221 0.999958
3187.909653 0.999983
3187.930085 1.000042
3187.950517 1.000024
3187.970948 1.000068
3187.991380 1.000006
3188.011812 0.999948
3188.032244 0.999882
3188.052676 0.999880
3188.073107 0.999881
3188.093539 0.999936
3188.113971 0.999932
3188.134403 1.000009
3188.154835 1.000056
3188.175266 0.999946
3188.195698 0.999966
3188.216130 1.000046
3188.236562 1.000031
3188.256994 0.999989
3188.277425 1.000049
3188.297857 0.999992
3188.318289 0.999967
3188.338721 1.000007
3188.359153 0.999976
3188.379584 1.000019
3188.400016 1.000048
3188.420448 1.000008
3188.440880 1.000004
3188.461311 0.999992
3188.481743 0.999958
3188.502175 1.000002
3188.522607 0.999896
3188.543039 0.999921
3188.563471 0.999856
3188.583902 0.999930
3188.604334 0.999969
3188.624766 1.000039
3188.645198 0.999993
3188.665630 1.000049
3188.686061 0.999967
3188.706493 0.999931
3188.726925 0.999963
3188.747357 1.000030
3188.767789 1.000030
3188.788220 1.000040
3188.808652 1.000072
3188.829084 1.000124
3188.849516 1.000057
3188.869947 1.000077
3188.890379 0.999998
3188.910811 1.000040
3188.931243 1.000076
3188.951675 1.000069
3188.972106 1.000183
3188.992538 1.000010
3189.012970 0.999962
3189.033402 0.999946
3189.053833 0.999917
3189.074265 0.999994
3189.094697 0.999965
3189.115129 0.999959
3189.135561 0.999994
3189.155992 1.000023
3189.176424 1.000079
3189.196856 0.999966
3189.217288 1.000044
3189.237720 1.000002
3189.258151 1.000010
3189.278583 0.999935
3189.299015 1.000042
3189.319447 0.999976
3189.339879 1.000113
3189.360310 1.000013
3189.380742 1.000184
3189.401174 1.000185
3189.421606 0.999890
3189.442037 0.999974
3189.462469 1.000030
3189.482901 0.999932
3189.503333 0.999974
3189.523765 1.000042
3189.544196 0.999906
3189.564628 0.999955
3189.585060 0.999941
3189.605492 1.000118
3189.625924 1.000015
3189.646355 0.999948
3189.666787 1.000040
3189.687219 0.999979
3189.748514 1.000033
3189.768946 1.000084
3189.789378 1.000048
3189.809810 0.999973
3189.830241 1.000040
3189.850673 0.999985
3189.871105 1.000193
3189.891537 1.000044
3189.911968 1.000000
3189.932400 1.000141
3189.952832 0.999971
3189.973264 1.000051
3189.993695 0.999983
3190.014127 0.999992
3190.034559 0.999936
3190.054991 0.999987
3190.075423 0.999915
3190.095854 0.999935
3190.116286 0.999990
3190.136718 0.999915
3190.157150 0.999975
3190.177582 1.000038
3190.198013 1.000031
3190.218445 0.999950
3190.238877 0.999944
3190.259309 1.000017
3190.279740 0.999984
3190.300172 0.999921
3190.320604 0.999928
3190.341036 1.000050
3190.361468 0.999901
3190.381899 1.000044
3190.402331 1.000001
3190.422763 0.999989
3190.443195 0.999999
3190.463626 0.999916
3190.484058 0.999866
3190.504490 0.999911
3190.524922 0.999945
3190.545354 0.999851
3190.565785 1.000098
3190.586217 0.999978
3190.606649 1.000000
3190.627081 1.000027
3190.647512 1.000041
3190.667944 1.000001
3190.688376 1.000010
3190.708808 1.000035
3190.729239 1.000030
3190.749671 0.999930
3190.770103 1.000040
3190.790535 1.000053
3190.810966 1.000004
3190.831398 0.999969
3190.851830 1.000029
3190.872262 1.000027
3190.892694 1.000191
3190.913125 1.000141
3190.933557 1.000046
3190.953989 0.999949
3190.974421 0.999952
3190.994852 0.999890
3191.015284 0.999949
3191.035716 1.000014
3191.056148 1.000012
3191.076580 1.000079
3191.097011 1.000030
3191.117443 0.999982
3191.137875 1.000007
3191.158307 0.999978
3191.178738 1.000005
3191.199170 0.999123
3191.219602 1.000052
3191.240034 0.999991
3191.260465 0.999998
3191.280897 1.000080
3191.301329 1.000197
3191.321761 0.999917
3191.342192 0.999931
3191.362624 0.999994
3191.383056 1.000165
3191.403488 1.000075
3191.423919 1.000207
3191.444351 0.999914
3191.464783 0.999976
3191.485215 0.999981
3191.505646 0.999992
3191.526078 0.999957
3191.546510 1.000015
3191.566942 1.000048
3191.587374 1.000018
3191.607805 1.000103
3191.628237 1.000032
3191.648669 1.000019
3191.709964 0.999939
3191.730396 0.999909
3191.750828 0.999949
3191.771259 0.999976
3191.791691 0.999881
3191.812123 1.000072
3191.832555 1.000003
3191.852986 1.000008
3191.873418 0.999992
3191.893850 1.000050
3191.914282 0.999946
3191.934713 0.999949
3191.955145 1.000016
3191.975577 0.999945
3191.996009 0.999998
3192.016441 1.000028
3192.036872 1.000009
3192.057304 1.000025
3192.077736 0.999986
3192.098167 0.999995
3192.118599 1.000093
3192.139031 0.999901
3192.159463 0.999998
3192.179895 1.000035
3192.200326 0.999987
3192.220758 1.000022
3192.241190 0.999983
3192.261621 1.000033
3192.282053 1.000045
3192.302485 0.999944
3192.322917 1.000002
3192.343348 0.999977
3192.363780 0.999990
3192.384212 1.000022
3192.404644 1.000117
3192.425076 0.999673
3192.445507 0.999958
3192.465939 0.999961
3192.486371 0.999914
3192.506803 0.999979
3192.527234 0.999882
3192.547666 0.999935
3192.568098 0.999938
3192.588530 0.999976
3192.608961 1.000038
3192.629393 1.000023
3192.649825 0.999964
3192.670256 1.000014
3192.690688 1.000033
3192.711120 0.999981
3192.731552 0.999979
3192.751983 1.000028
3192.772415 1.000049
3192.792847 1.000003
3192.813279 1.000035
3192.833710 1.000008
3192.854142 0.999984
3192.874574 1.000041
3192.895006 0.999991
3192.915437 1.000046
3192.935869 0.999926
3192.956301 0.999923
3192.976733 0.999955
3192.997164 1.000014
3193.017596 0.999997
3193.038028 1.000038
3193.058460 1.000095
3193.078891 1.000080
3193.099323 0.999970
3193.119755 0.999967
3193.140187 1.000069
3193.160618 1.000014
3193.181050 1.000011
3193.201482 0.999982
3193.221914 1.000003
3193.242345 1.000000
3193.262777 0.999999
3193.283209 1.000040
3193.303641 1.000166
3193.324072 1.000041
3193.344504 0.999874
3193.364936 0.999820
3193.385368 1.000027
3193.405799 0.999913
3193.426231 0.999904
3193.446663 0.999951
3193.467095 0.999959
3193.487526 0.999898
3193.507958 0.999877
3193.528390 0.999945
3193.548821 0.999973
3193.569253 1.000074
3193.589685 0.999942
3193.610117 0.999999
3193.671412 0.999998
3193.691844 0.999991
3193.712275 1.000059
3193.732707 1.000005
3193.753139 1.000023
3193.773571 1.000008
3193.794002 1.000007
3193.814434 1.000042
3193.834866 0.999945
3193.855297 0.999993
3193.875729 0.999983
3193.896161 1.000000
3193.916593 1.000007
3193.937025 1.000005
3193.957456 1.000000
3193.977888 0.999998
3193.998320 1.000010
3194.018751 1.000026
3194.039183 1.000028
3194.059615 1.000095
3194.080047 1.000110
3194.100478 1.000016
3194.120910 0.999948
3194.141342 1.000038
3194.161773 1.000008
3194.182205 1.000055
3194.202637 0.999972
3194.223069 1.000041
3194.243500 0.999993
3194.263932 0.999973
3194.284364 0.999941
3194.304796 0.999976
3194.325227 0.999975
3194.345659 1.000038
3194.366091 1.000002
3194.386522 0.999954
3194.406954 0.999906
3194.427386 0.999989
3194.447818 0.999967
3194.468249 1.000024
3194.488681 1.000099
3194.509113 1.000103
3194.529545 0.999988
3194.549976 0.999871
3194.570408 0.999864
3194.590840 0.999984
3194.611272 1.000072
3194.631703 0.999929
3194.652135 1.000015
3194.672567 0.999971
3194.692999 0.999943
3194.713430 0.999982
3194.733862 1.000000
3194.754294 1.000011
3194.774725 1.000040
3194.795157 0.999996
3194.815589 1.000008
3194.836021 0.999955
3194.856452 1.000016
3194.876884 1.000028
3194.897316 1.000115
3194.917747 1.000162
3194.938179 1.000088
3194.958611 0.999960
3194.979043 0.999881
3194.999474 1.000005
3195.019906 1.000214
3195.040338 0.999992
3195.060770 0.999903
3195.081201 1.000004
3195.101633 1.000219
3195.122065 0.999939
3195.142496 0.999971
3195.162928 0.999955
3195.183360 0.999975
3195.203792 0.999979
3195.224223 1.000239
3195.244655 1.000011
3195.265087 0.999991
3195.285519 0.999953
3195.305950 1.000000
3195.326382 1.000023
3195.346814 1.000074
3195.367245 0.999951
3195.387677 1.000031
3195.408109 0.999982
3195.428540 1.000042
3195.448972 1.000025
3195.469404 1.000213
3195.489836 1.000119
3195.510267 0.999908
3195.530699 0.999907
3195.551131 0.999972
3195.571563 0.999965
3195.632858 1.000003
3195.653289 0.999968
3195.673721 0.999963
3195.694153 0.999944
3195.714585 0.999942
3195.735016 0.999929
3195.755448 0.999922
3195.775880 0.999965
3195.796311 0.999985
3195.816743 1.000008
3195.837175 1.000065
3195.857606 1.000042
3195.878038 1.000108
3195.898470 1.000051
3195.918902 1.000002
3195.939333 1.000034
3195.959765 1.000007
3195.980197 1.000021
3196.000629 1.000008
3196.021060 0.999963
3196.041492 0.999980
3196.061924 1.000059
3196.082355 1.000018
3196.102787 0.999976
3196.123219 0.999964
3196.143651 0.999941
3196.164082 1.000000
3196.184514 0.999965
3196.204946 0.999993
3196.225377 0.999974
3196.245809 0.999992
3196.266241 1.000009
3196.286673 1.000031
3196.307104 0.999964
3196.327536 1.000016
3196.347968 1.000086
3196.368399 0.999929
3196.388831 0.999976
3196.409263 0.999907
3196.429695 0.999948
3196.450126 1.000022
3196.470558 0.999968
3196.490990 1.000002
3196.511421 1.000018
3196.531853 0.999969
3196.552285 1.000010
3196.572716 1.000030
3196.593148 1.000013
3196.613580 0.999953
3196.634012 1.000021
3196.654443 1.000005
3196.674875 0.999990
3196.695307 0.999997
3196.715738 0.999969
3196.736170 1.000021
3196.756602 1.000007
3196.777034 1.000000
3196.797465 0.999981
3196.817897 1.000014
3196.838329 0.999954
3196.858760 1.000007
3196.879192 1.000047
3196.899624 1.000018
3196.920056 1.000008
3196.940487 1.000000
3196.960919 1.000162
3196.981351 1.000053
3197.001782 1.000048
3197.022214 1.000092
3197.042646 1.000139
3197.063077 1.000119
3197.083509 0.999976
3197.103941 0.999973
3197.124373 1.000045
3197.144804 1.000011
3197.165236 1.000052
3197.185668 1.000049
3197.206100 1.000090
3197.226531 1.000018
3197.246963 1.000013
3197.267395 1.000000
3197.287826 1.000060
3197.308258 0.999941
3197.328690 0.999957
3197.349121 0.999893
3197.369553 0.999908
3197.389985 0.999922
3197.410416 0.999963
3197.430848 1.000010
3197.451280 0.999985
3197.471712 1.000062
3197.492143 1.000060
3197.512575 1.000058
3197.533007 1.000108
3197.594302 0.999791
3197.614734 0.999852
3197.635165 0.999939
3197.655597 0.999916
3197.676029 0.999951
3197.696460 1.000002
3197.716892 1.000013
3197.737324 1.000022
3197.757755 1.000007
3197.778187 1.000033
3197.798619 0.999903
3197.819050 0.999999
3197.839482 1.000000
3197.859914 1.000038
3197.880346 0.999978
3197.900777 1.000000
3197.921209 0.999944
3197.941641 0.999960
3197.962072 1.000076
3197.982504 1.000020
3198.002936 0.999978
3198.023367 0.999983
3198.043799 1.000009
3198.064231 1.000093
3198.084663 0.999969
3198.105094 1.000065
3198.125526 1.000007
3198.145958 1.000000
3198.166389 1.000029
3198.186821 1.000101
3198.207253 1.000026
3198.227684 0.999990
3198.248116 1.000044
3198.268548 1.000049
3198.288980 0.999936
3198.309411 0.999963
3198.329843 1.000051
3198.350275 1.000012
3198.370706 1.000000
3198.391138 1.000039
3198.411570 0.999915
3198.432001 0.999985
3198.452433 0.999928
3198.472865 0.999994
3198.493297 1.000116
3198.513728 1.000085
3198.534160 1.000045
3198.554592 1.000000
3198.575023 0.999876
3198.595455 0.999843
3198.615887 0.999937
3198.636318 1.000090
3198.656750 0.999998
3198.677182 0.999993
3198.697613 0.999986
3198.718045 1.000052
3198.738477 1.000099
3198.758908 1.000016
3198.779340 1.000020
3198.799772 0.999992
3198.820204 1.000068
3198.840635 1.000000
3198.861067 1.000007
3198.881499 0.999900
3198.901930 0.999974
3198.922362 0.999967
3198.942794 1.000007
3198.963225 0.999939
3198.983657 1.000028
3199.004089 0.999993
3199.024520 1.000005
3199.044952 0.999957
3199.065384 1.000022
3199.085816 1.000000
3199.106247 1.000006
3199.126679 1.000072
3199.147111 1.000008
3199.167542 0.999997
3199.187974 0.999975
3199.208406 0.999978
3199.228837 0.999978
3199.249269 0.999952
3199.269701 0.999980
3199.290132 0.999946
3199.310564 0.999990
3199.330996 0.999942
3199.351427 1.000023
3199.371859 1.000044
3199.392291 1.000062
3199.412722 1.000068
3199.433154 1.000131
3199.453586 1.000080
3199.474017 1.000030
3199.494449 1.000040
3199.555744 1.000026
3199.576176 1.000012
3199.596608 0.999955
3199.617039 0.999974
3199.637471 1.000035
3199.657903 1.000009
3199.678334 0.999995
3199.698766 1.000006
3199.719198 1.000000
3199.739629 0.999988
3199.760061 0.999969
3199.780493 0.999930
3199.800925 0.999950
3199.821356 1.000054
3199.841788 0.999888
3199.862220 0.999527
3199.882651 0.999543
3199.903083 0.999456
3199.923515 0.999530
3199.943946 0.999536
3199.964378 0.999537
3199.984810 0.999582
3200.005241 0.999576
3200.025673 0.999877
3200.046105 0.999995
3200.066536 1.000038
3200.086968 0.999983
3200.107400 1.000008
3200.127832 1.000029
3200.148263 1.000055
3200.168695 1.000053
3200.189126 0.999999
3200.209558 1.000006
3200.229990 1.000044
3200.250421 1.000025
3200.270853 1.000047
3200.291285 0.999996
3200.311717 0.999975
3200.332148 0.999991
3200.352580 1.000037
3200.373012 0.999981
3200.393443 1.000023
3200.413875 0.999903
3200.434307 0.999992
3200.454738 0.999992
3200.475170 0.999959
3200.495602 1.000026
3200.516033 1.000036
3200.536465 1.000011
3200.556897 0.999939
3200.577328 0.999984
3200.597760 1.000038
3200.618192 1.000070
3200.638623 1.000040
3200.659055 1.000070
3200.679487 1.000086
3200.699918 1.000015
3200.720350 0.999913
3200.740782 0.999948
3200.761214 0.999952
3200.781645 1.000019
3200.802077 1.000008
3200.822509 1.000074
3200.842940 1.000081
3200.863372 0.999995
3200.883804 0.999963
3200.904235 1.000078
3200.924667 1.000050
3200.945099 0.999990
3200.965530 1.000141
3200.985962 0.999987
3201.006394 1.000034
3201.026825 1.000049
3201.047257 0.999962
3201.067689 1.000019
3201.088120 0.999992
3201.108552 0.999991
3201.128984 1.000016
3201.149415 0.999906
3201.169847 0.999960
3201.190279 0.999921
3201.210710 0.999944
3201.231142 0.999924
3201.251574 1.000090
3201.272005 1.000006
3201.292437 0.999974
3201.312869 1.000006
3201.333300 1.000121
3201.353732 1.000043
3201.374164 1.000030
3201.394595 1.000062
3201.415027 1.000026
3201.435459 1.000057
3201.455890 0.999995
3201.517185 0.999972
3201.537617 0.999974
3201.558049 1.000052
3201.578480 0.999984
3201.598912 1.000041
3201.619344 0.999926
3201.639775 0.999987
3201.660207 1.000029
3201.680639 1.000005
3201.701070 1.000008
3201.721502 1.000052
3201.741934 0.999889
3201.762365 0.999924
3201.782797 1.000000
3201.803229 1.000000
3201.823660 0.999999
3201.844092 0.999978
3201.864524 0.999990
3201.884955 1.000065
3201.905387 1.000047
3201.925819 1.000000
3201.946250 1.000029
3201.966682 0.999918
3201.987114 1.000052
3202.007545 0.999908
3202.027977 0.999944
3202.048409 0.999966
3202.068840 1.000019
3202.089272 0.999979
3202.109704 0.999986
3202.130136 0.999983
3202.150567 1.000053
3202.170999 1.000000
3202.191431 1.000006
3202.211862 1.000075
3202.232294 1.000066
3202.252726 1.000006
3202.273157 0.999847
3202.293589 1.000061
3202.314021 0.999940
3202.334452 0.999989
3202.354884 1.000052
3202.375316 1.000025
3202.395747 0.999995
3202.416179 1.000017
3202.436610 1.000000
3202.457042 1.000438
3202.477474 0.999970
3202.497906 0.999854
3202.518337 0.999869
3202.538769 0.999890
3202.559201 0.999945
3202.579632 0.999920
3202.600064 0.999909
3202.620496 0.999859
3202.640927 0.999930
3202.661359 0.999921
3202.681791 1.000020
3202.702222 1.000052
3202.722654 1.000008
3202.743086 0.999979
3202.763517 1.000028
3202.783949 1.000070
3202.804381 1.000096
3202.824812 1.000025
3202.845244 1.000016
3202.865676 1.000064
3202.886107 1.000098
3202.906539 1.000058
3202.926971 1.000096
3202.947402 1.000065
3202.967834 1.000084
3202.988265 1.000029
3203.008697 1.000000
3203.029129 0.999945
3203.049560 1.000049
3203.069992 1.000006
3203.090424 0.999939
3203.110855 0.999960
3203.131287 0.999980
3203.151719 0.999942
3203.172150 0.999946
3203.192582 0.999980
3203.213014 1.000011
3203.233445 0.999942
3203.253877 0.999971
3203.274309 0.999923
3203.294740 0.999911
3203.315172 1.000055
3203.335604 0.999981
3203.356035 1.000042
3203.376467 1.000042
3203.396899 1.000011
3203.417330 1.000016
3203.478625 1.000075
3203.499057 1.000000
3203.519489 1.000065
3203.539920 1.000005
3203.560352 0.999983
3203.580784 1.000004
3203.601215 1.000018
3203.621647 0.999976
3203.642079 0.999911
3203.662510 0.999948
3203.682942 1.000007
3203.703374 0.999977
3203.723805 0.999922
3203.744237 0.999959
3203.764669 0.999959
3203.785100 0.999922
3203.805532 0.999924
3203.825964 1.000001
3203.846395 0.999956
3203.866827 1.000005
3203.887258 1.000035
3203.907690 0.999967
3203.928122 0.999962
3203.948553 1.000008
3203.968985 1.000001
3203.989417 0.999994
3204.009849 1.000037
3204.030280 1.000033
3204.050712 1.000034
3204.071143 0.999964
3204.091575 0.999997
3204.112007 1.000035
3204.132438 0.999993
3204.152870 1.000038
3204.173302 1.000004
3204.193734 1.000026
3204.214165 1.000038
3204.234597 1.000113
3204.255028 0.999987
3204.275460 1.000012
3204.295892 0.999950
3204.316323 0.999989
3204.336755 0.999991
3204.357187 1.000020
3204.377618 0.999976
3204.398050 0.999945
3204.418482 1.000000
3204.438913 0.999919
3204.459345 0.999958
3204.479777 0.999921
3204.500208 1.000056
3204.520640 0.999945
3204.541072 0.999996
3204.561503 1.000000
3204.581935 1.000064
3204.602367 1.000046
3204.622798 1.000082
3204.643230 1.000105
3204.663661 1.000103
3204.684093 1.000111
3204.704525 1.000036
3204.724956 1.000150
3204.745388 1.000130
3204.765820 1.000108
3204.786251 1.000085
3204.806683 1.000140
3204.827115 0.999982
3204.847546 0.999941
3204.867978 0.999895
3204.888410 0.999821
3204.908841 0.999857
3204.929273 0.999908
3204.949705 0.999813
3204.970136 0.999854
3204.990568 0.999908
3205.011000 0.999859
3205.031431 0.999947
3205.051863 0.999973
3205.072295 0.999978
3205.092726 1.000027
3205.113158 1.000064
3205.133590 1.000000
3205.154021 0.999972
3205.174453 1.000065
3205.194884 1.000095
3205.215316 1.000091
3205.235748 1.000157
3205.256179 1.000116
3205.276611 1.000066
3205.297043 1.000057
3205.317474 1.000098
3205.337906 1.000079
3205.358338 0.999999
3205.378769 1.000043
3205.440064 1.000026
3205.460496 0.999928
3205.480928 0.999928
3205.501359 0.999964
3205.521791 1.000013
3205.542223 0.999980
3205.562654 1.000019
3205.583086 0.999922
3205.603518 0.999942
3205.623949 0.999982
3205.644381 1.000005
3205.664812 0.999939
3205.685244 1.000000
3205.705676 0.999948
3205.726107 0.999926
3205.746539 0.999966
3205.766971 0.999984
3205.787402 1.000000
3205.807834 1.000005
3205.828266 0.999985
3205.848697 1.000043
3205.869129 1.000009
3205.889561 0.999959
3205.909992 1.000000
3205.930424 1.000065
3205.950856 1.000042
3205.971287 0.999951
3205.991719 1.000044
3206.012150 1.000040
3206.032582 1.000000
3206.053014 0.999994
3206.073445 0.999993
3206.093877 0.999986
3206.114309 1.000001
3206.134740 1.000053
3206.155172 1.000047
3206.175604 0.999963
3206.196035 0.999996
3206.216467 0.999949
3206.236899 1.000062
3206.257330 1.000107
3206.277762 1.000077
3206.298194 1.000024
3206.318625 0.999989
3206.339057 0.999932
3206.359488 0.999968
3206.379920 1.000003
3206.400352 0.999899
3206.420783 0.999960
3206.441215 1.000013
3206.461647 0.999947
3206.482078 1.000008
3206.502510 0.999916
3206.522942 0.999976
3206.543373 0.999927
3206.563805 0.999943
3206.584237 0.999965
3206.604668 0.999984
3206.625100 0.999955
3206.645532 0.999947
3206.665963 1.000050
3206.686395 1.000010
3206.706826 0.999983
3206.727258 1.000023
3206.747690 1.000038
3206.768121 1.000046
3206.788553 1.000102
3206.808985 1.000022
3206.829416 1.000047
3206.849848 0.999973
3206.870280 0.999968
3206.890711 1.000064
3206.911143 1.000064
3206.931575 1.000018
3206.952006 1.000091
3206.972438 1.000100
3206.992869 1.000089
3207.013301 1.000106
3207.033733 1.000098
3207.054164 1.000028
3207.074596 1.000001
3207.095028 1.000024
3207.115459 0.999925
3207.135891 1.000172
3207.156323 1.000000
3207.176754 1.000048
3207.197186 0.999979
3207.217618 1.000049
3207.238049 1.000085
3207.258481 1.000025
3207.278913 1.000085
3207.299344 1.000128
3207.319776 0.999975
3207.340207 1.000000
3207.401502 0.999944
3207.421934 0.999995
3207.442366 0.999920
3207.462797 0.999903
3207.483229 0.999964
3207.503661 0.999975
3207.524092 0.999964
3207.544524 1.000026
3207.564956 0.999908
3207.585387 1.000004
3207.605819 0.999964
3207.626250 1.000013
3207.646682 0.999961
3207.667114 1.000024
3207.687545 1.000035
3207.707977 0.999996
3207.728409 1.000000
3207.748840 1.000011
3207.769272 1.000004
3207.789704 0.999976
3207.810135 0.999986
3207.830567 0.999958
3207.850999 0.999903
3207.871430 0.999928
3207.891862 0.999953
3207.912293 0.999928
3207.932725 0.999987
3207.953157 0.999980
3207.973588 0.999985
3207.994020 0.999938
3208.014452 0.999954
3208.034883 1.000027
3208.055315 1.000013
3208.075747 0.999998
3208.096178 1.000041
3208.116610 1.000027
3208.137041 0.999982
3208.157473 1.000006
3208.177905 1.000040
3208.198336 1.000041
3208.218768 0.999979
3208.239200 1.000031
3208.259631 0.999990
3208.280063 1.000037
3208.300495 1.000034
3208.320926 1.000091
3208.341358 1.000100
3208.361790 1.000107
3208.382221 1.000056
3208.402653 1.000129
3208.423084 1.000062
3208.443516 1.000091
3208.463948 1.000074
3208.484379 1.000029
3208.504811 1.000004
3208.525243 1.000018
3208.545674 0.999959
3208.566106 1.000019
3208.586538 0.999957
3208.606969 0.999913
3208.627401 0.999900
3208.647833 0.999941
3208.668264 0.999939
3208.688696 0.999958
3208.709127 0.999927
3208.729559 0.999974
3208.749991 0.999922
3208.770422 0.999992
3208.790854 0.999986
3208.811286 1.000045
3208.831717 0.999930
3208.852149 1.000081
3208.872581 0.999937
3208.893012 0.999962
3208.913444 1.000009
3208.933875 0.999970
3208.954307 1.000008
3208.974739 0.999969
3208.995170 1.000026
3209.015602 0.999992
3209.036034 0.999958
3209.056465 1.000083
3209.076897 1.000015
3209.097329 0.999987
3209.117760 0.999974
3209.138192 0.999999
3209.158624 1.000060
3209.179055 1.000017
3209.199487 1.000021
3209.219918 1.000034
3209.240350 1.000012
3209.260782 1.000086
3209.281213 1.000000
3209.301645 0.999970
3209.362940 0.999957
3209.383372 0.999887
3209.403803 0.999882
3209.424235 0.999976
3209.444666 1.000111
3209.465098 1.000036
3209.485530 1.000037
3209.505961 0.999984
3209.526393 1.000116
3209.546825 0.999939
3209.567256 1.000053
3209.587688 1.000063
3209.608120 1.000052
3209.628551 1.000086
3209.648983 1.000089
3209.669415 1.000003
3209.689846 1.000017
3209.710278 0.999952
3209.730709 0.999948
3209.751141 0.999975
3209.771573 1.000014
3209.792004 0.999953
3209.812436 0.999947
3209.832868 1.000205
3209.853299 1.000070
3209.873731 1.000006
3209.894162 0.999966
3209.914594 0.999997
3209.935026 0.999996
3209.955457 0.999897
3209.975889 0.999976
3209.996321 0.999947
3210.016752 0.999971
3210.037184 0.999934
3210.057616 0.999998
3210.078047 1.000014
3210.098479 0.999947
3210.118911 1.000045
3210.139342 0.999985
3210.159774 1.000099
3210.180205 1.000129
3210.200637 1.000066
3210.221069 1.000039
3210.241500 1.000089
3210.261932 1.000010
3210.282363 1.000064
3210.302795 0.999998
3210.323227 0.999969
3210.343658 0.999947
3210.364090 0.999932
3210.384522 0.999924
3210.404953 0.999993
3210.425385 0.999880
3210.445817 0.999914
3210.466248 0.999921
3210.486680 0.999980
3210.507112 1.000015
3210.527543 1.000053
3210.547975 1.000173
3210.568406 1.000136
3210.588838 1.000110
3210.609270 1.000078
3210.629701 1.000050
3210.650133 1.000105
3210.670565 1.000064
3210.690996 0.999954
3210.711428 1.000003
3210.731859 0.999933
3210.752291 0.999957
3210.772723 0.999983
3210.793154 0.999938
3210.813586 1.000079
3210.834018 0.999997
3210.854449 0.999982
3210.874881 0.999966
3210.895313 0.999976
3210.915744 1.000017
3210.936176 1.000030
3210.956608 0.999989
3210.977039 0.999988
3210.997471 0.999950
3211.017902 0.999988
3211.038334 0.999935
3211.058766 0.999864
3211.079197 0.999850
3211.099629 0.999957
3211.120061 0.999889
3211.140492 0.999964
3211.160924 0.999986
3211.181355 1.000069
3211.201787 1.000093
3211.222219 1.000066
3211.242650 1.000066
3211.263082 1.000132
3211.324377 1.000069
3211.344809 1.000147
3211.365240 1.000095
3211.385672 1.000008
3211.406103 1.000044
3211.426535 1.000059
3211.446967 1.000012
3211.467398 0.999992
3211.487830 1.000058
3211.508262 1.000004
3211.528693 0.999916
3211.549125 0.999930
3211.569557 0.999928
3211.589988 0.999916
3211.610420 0.999811
3211.630852 0.999789
3211.651283 0.999817
3211.671715 0.999898
3211.692146 0.999929
3211.712578 0.999994
3211.733010 1.000053
3211.753441 0.999985
3211.773873 1.000052
3211.794305 1.000065
3211.814736 1.000107
3211.835168 1.000044
3211.855599 1.000006
3211.876031 1.000008
3211.896463 1.000000
3211.916894 0.999944
3211.937326 1.000002
3211.957758 1.000044
3211.978189 0.999956
3211.998621 0.999990
3212.019052 0.999870
3212.039484 1.000019
3212.059916 0.999979
3212.080347 1.000036
3212.100779 1.000078
3212.121211 1.000092
3212.141642 1.000053
3212.162074 1.000072
3212.182506 1.000017
3212.202937 1.000029
3212.223369 1.000007
3212.243800 1.000005
3212.264232 0.999954
3212.284664 0.999914
3212.305095 0.999961
3212.325527 0.999871
3212.345959 0.999961
3212.366390 0.999940
3212.386822 0.999979
3212.407254 1.000000
3212.427685 1.000115
3212.448117 1.000018
3212.468548 0.999999
3212.488980 1.000002
3212.509412 0.999983
3212.529843 1.000021
3212.550275 0.999900
3212.570707 0.999882
3212.591138 0.999889
3212.611570 0.999881
3212.632002 0.999962
3212.652433 1.000092
3212.672865 1.000049
3212.693296 0.999969
3212.713728 1.000049
3212.734160 1.000025
3212.754591 1.000053
3212.775023 1.000250
3212.795454 1.000047
3212.815886 1.000070
3212.836318 1.000115
3212.856749 1.000002
3212.877181 1.000022
3212.897613 1.000007
3212.918044 0.999922
3212.938476 0.999924
3212.958908 0.999934
3212.979339 0.999999
3212.999771 1.000099
3213.020202 1.000000
3213.040634 0.999862
3213.061066 1.000022
3213.081497 0.999962
3213.101929 1.000110
3213.122361 1.000133
3213.142792 1.000032
3213.163224 1.000035
3213.183656 1.000043
3213.204087 0.999959
3213.224519 0.999951
3213.285814 1.000128
3213.306245 1.000000
3213.326677 0.999946
3213.347109 0.999911
3213.367540 0.999921
3213.387972 0.999945
3213.408404 0.999887
3213.428835 0.999871
3213.449267 0.999925
3213.469698 0.999883
3213.490130 0.999945
3213.510562 1.000098
3213.530993 1.000034
3213.551425 1.000051
3213.571857 1.000024
3213.592288 1.000000
3213.612720 1.000080
3213.633152 1.000084
3213.653583 1.000029
3213.674015 1.000057
3213.694446 1.000026
3213.714878 0.999966
3213.735310 1.000013
3213.755741 1.000120
3213.776173 1.000042
3213.796605 1.000071
3213.817036 1.000009
3213.837468 0.999997
3213.857899 1.000000
3213.878331 1.000010
3213.898763 0.999881
3213.919194 0.999961
3213.939626 0.999962
3213.960058 0.999941
3213.980489 0.999979
3214.000921 1.000033
3214.021352 0.999940
3214.041784 0.999964
3214.062216 0.999896
3214.082647 0.999992
3214.103079 0.999998
3214.123511 1.000000
3214.143942 1.000015
3214.164374 1.000026
3214.184806 1.000041
3214.205237 1.000029
3214.225669 0.999942
3214.246100 0.999975
3214.266532 0.999991
3214.286964 1.000017
3214.307395 0.999976
3214.327827 0.999877
3214.348259 0.999916
3214.368690 0.999934
3214.389122 0.999890
3214.409554 0.999866
3214.429985 1.000021
3214.450417 0.999996
3214.470849 1.000016
3214.491280 1.000000
3214.511712 1.000038
3214.532143 1.000005
3214.552575 1.000037
3214.573007 1.000008
3214.593438 1.000088
3214.613870 1.000062
3214.634302 1.000022
3214.654733 0.999992
3214.675165 0.999930
3214.695596 1.000000
3214.716028 0.999896
3214.736460 1.000055
3214.756891 1.000021
3214.777323 0.999968
3214.797755 0.999943
3214.818186 0.999918
3214.838618 0.999894
3214.859050 0.999917
3214.879481 0.999994
3214.899913 1.000072
3214.920344 1.000030
3214.940776 1.000041
3214.961208 1.000054
3214.981639 1.000026
3215.002071 1.000086
3215.022503 1.000074
3215.042934 0.999957
3215.063366 0.999951
3215.083797 0.999944
3215.104229 0.999930
3215.124661 1.000045
3215.145092 1.000001
3215.165524 0.999968
3215.185956 0.999943
3215.247250 0.999955
3215.267682 0.999976
3215.288114 0.999955
3215.308545 0.999973
3215.328977 1.000025
3215.349409 1.000027
3215.369840 0.999972
3215.390272 1.000011
3215.410704 0.999947
3215.431135 1.000062
3215.451567 1.000068
3215.471999 1.000033
3215.492430 1.000018
3215.512862 0.999909
3215.533293 0.999987
3215.553725 0.999915
3215.574157 0.999959
3215.594588 0.999935
3215.615020 0.999994
3215.635452 1.000023
3215.655883 1.000037
3215.676315 0.999989
3215.696747 1.000070
3215.717178 0.999978
3215.737610 1.000000
3215.758041 1.000117
3215.778473 1.000141
3215.798905 1.000082
3215.819336 1.000046
3215.839768 0.999885
3215.860199 0.999936
3215.880631 0.999948
3215.901063 0.999895
3215.921494 1.000009
3215.941926 1.000041
3215.962358 1.000000
3215.982789 1.000038
3216.003221 1.000121
3216.023653 1.000028
3216.044084 1.000051
3216.064516 0.999970
3216.084947 1.000042
3216.105379 1.000018
3216.125811 1.000033
3216.146242 0.999994
3216.166674 0.999901
3216.187106 1.000079
3216.207537 0.999970
3216.227969 0.999955
3216.248401 1.000000
3216.268832 1.000000
3216.289264 0.999997
3216.309695 1.000063
3216.330127 1.000035
3216.350559 1.000048
3216.370990 1.000027
3216.391422 1.000052
3216.411854 1.000031
3216.432285 1.000057
3216.452717 1.000063
3216.473149 1.000011
3216.493580 0.999880
3216.514012 0.999851
3216.534443 0.999908
3216.554875 1.000007
3216.575307 1.000004
3216.595738 0.999993
3216.616170 1.000003
3216.636602 0.999932
3216.657033 0.999930
3216.677465 0.999861
3216.697896 0.999986
3216.718328 1.000021
3216.738760 1.000000
3216.759191 0.999944
3216.779623 0.999928
3216.800055 0.999891
3216.820486 0.999926
3216.840918 1.000046
3216.861350 1.000059
3216.881781 1.000004
3216.902213 1.000010
3216.922645 0.999975
3216.943076 0.999969
3216.963508 0.999964
3216.983939 1.000091
3217.004371 1.000023
3217.024803 1.000047
3217.045234 1.000062
3217.065666 1.000120
3217.086098 1.000088
3217.106529 0.999962
3217.126961 0.999856
3217.147392 0.999931
3217.208687 0.999963
3217.229119 0.999890
3217.249551 0.999928
3217.269982 0.999996
3217.290414 0.999963
3217.310846 0.999968
3217.331277 0.999988
3217.351709 1.000045
3217.372141 1.000047
3217.392572 1.000005
3217.413004 1.000011
3217.433435 0.999937
3217.453867 0.999982
3217.474299 0.999904
3217.494730 0.999911
3217.515162 1.000000
3217.535594 0.999954
3217.556025 1.000068
3217.576457 1.000052
3217.596888 1.000032
3217.617320 0.999984
3217.637752 1.000024
3217.658183 1.000014
3217.678615 1.000064
3217.699047 1.000067
3217.719478 1.000037
3217.739910 1.000024
3217.760342 1.000088
3217.780773 1.000000
3217.801205 1.000060
3217.821637 0.999968
3217.842068 1.000034
3217.862500 1.000016
3217.882931 1.000077
3217.903363 1.000000
3217.923795 0.999903
3217.944226 0.999773
3217.964658 0.999910
3217.985090 0.999987
3218.005521 0.999985
3218.025953 1.000045
3218.046384 0.999981
3218.066816 0.999968
3218.087248 0.999993
3218.107679 0.999920
3218.128111 0.999965
3218.148543 0.999933
3218.168974 1.000042
3218.189406 1.000032
3218.209838 0.999987
3218.230269 1.000018
3218.250701 1.000020
3218.271133 0.999974
3218.291564 0.999912
3218.311996 0.999907
3218.332427 0.999982
3218.352859 0.999996
3218.373291 1.000042
3218.393722 1.000046
3218.414154 1.000014
3218.434586 1.000013
3218.455017 0.999914
3218.475449 0.999985
3218.495881 1.000019
3218.516312 1.000096
3218.536744 0.999986
3218.557176 1.000011
3218.577607 1.000026
3218.598039 1.000043
3218.618470 1.000044
3218.638902 1.000078
3218.659334 0.999984
3218.679765 0.999954
3218.700197 0.999894
3218.720629 1.000010
3218.741060 1.000007
3218.761492 1.000040
3218.781924 1.000042
3218.802355 0.999957
3218.822787 0.999953
3218.843218 0.999992
3218.863650 0.999889
3218.884082 0.999866
3218.904513 0.999957
3218.924945 1.000001
3218.945377 0.999953
3218.965808 0.999847
3218.986240 0.999972
3219.006672 0.999997
3219.027103 1.000029
3219.047535 0.999958
3219.067967 0.999954
3219.088398 0.999925
3219.108830 0.999859
3219.170125 1.000011
3219.190556 1.000017
3219.210988 1.000012
3219.231420 1.000018
3219.251851 1.000032
3219.272283 0.999978
3219.292715 1.000083
3219.313146 1.000048
3219.333578 1.000103
3219.354009 1.000013
3219.374441 1.000077
3219.394873 1.000083
3219.415304 0.999951
3219.435736 0.999898
3219.456168 0.999886
3219.476599 0.999879
3219.497031 1.000026
3219.517463 0.999944
3219.537894 1.000086
3219.558326 1.000004
3219.578758 0.999975
3219.599189 0.999951
3219.619621 1.000033
3219.640052 0.999990
3219.660484 1.000062
3219.680916 0.999962
3219.701347 1.000025
3219.721779 1.000045
3219.742211 1.000062
3219.762642 0.999902
3219.783074 0.999912
3219.803506 0.999899
3219.823937 0.999873
3219.844369 1.000025
3219.864800 1.000097
3219.885232 1.000126
3219.905664 1.000041
3219.926095 1.000000
3219.946527 0.999917
3219.966959 1.000051
3219.987390 1.000034
3220.007822 1.000025
3220.028254 1.000044
3220.048685 1.000147
3220.069117 1.000109
3220.089549 1.000019
3220.109980 0.999915
3220.130412 0.999980
3220.150843 1.000053
3220.171275 1.000045
3220.191707 1.000011
3220.212138 1.000054
3220.232570 1.000019
3220.253002 1.000044
3220.273433 0.999998
3220.293865 1.000044
3220.314297 1.000098
3220.334728 0.999984
3220.355160 0.999986
3220.375592 0.999939
3220.396023 0.999999
3220.416455 0.999971
3220.436887 1.000032
3220.457318 0.999983
3220.477750 0.999991
3220.498182 0.999964
3220.518613 1.000001
3220.539045 0.999889
3220.559476 0.999899
3220.579908 0.999938
3220.600340 1.000065
3220.620771 0.999989
3220.641203 0.999960
3220.661635 1.000024
3220.682066 0.999997
3220.702498 0.999925
3220.722930 1.000034
3220.743361 0.999911
3220.763793 0.999922
3220.784225 0.999896
3220.804656 1.000083
3220.825088 1.000011
3220.845519 1.000001
3220.865951 1.000025
3220.886383 1.000034
3220.906814 0.999951
3220.927246 1.000022
3220.947678 1.000040
3220.968109 1.000081
3220.988541 0.999891
3221.008973 0.999879
3221.029404 0.999975
3221.049836 1.000009
3221.070268 0.999930
3221.131563 1.000087
3221.151994 0.999977
3221.172426 1.000030
3221.192857 1.000019
3221.213289 0.999960
3221.233721 1.000066
3221.254152 1.000041
3221.274584 1.000055
3221.295016 1.000091
3221.315447 1.000018
3221.335879 0.999958
3221.356311 0.999908
3221.376742 0.999978
3221.397174 1.000000
3221.417606 1.000095
3221.438037 1.000000
3221.458469 1.000052
3221.478901 0.999979
3221.499332 1.000043
3221.519764 0.999984
3221.540195 1.000011
3221.560627 0.999995
3221.581059 0.999850
3221.601490 1.000063
3221.621922 1.000017
3221.642354 1.000156
3221.662785 1.000002
3221.683217 0.999936
3221.703649 0.999915
3221.724080 0.999945
3221.744512 1.000013
3221.764944 1.000112
3221.785375 1.000000
3221.805807 1.000054
3221.826239 1.000010
3221.846670 0.999951
3221.867102 0.999908
3221.887533 0.999997
3221.907965 1.000048
3221.928397 1.000048
3221.948828 0.999970
3221.969260 1.000036
3221.989692 0.999994
3222.010124 0.999996
3222.030555 0.999938
3222.050987 0.999902
3222.071418 1.000051
3222.091850 0.999918
3222.112282 1.000039
3222.132713 1.000008
3222.153145 1.000029
3222.173577 1.000032
3222.194008 1.000081
3222.214440 1.000068
3222.234872 1.000000
3222.255303 0.999983
3222.275735 0.999969
3222.296167 1.000031
3222.316598 1.000068
3222.337030 1.000063
3222.357462 1.000064
3222.377893 1.000025
3222.398325 0.999826
3222.418756 0.999512
3222.439188 0.999411
3222.459620 0.999399
3222.480051 0.999475
3222.500483 0.999459
3222.520915 0.999460
3222.541346 0.999557
3222.561778 0.999535
3222.582210 0.999925
3222.602641 0.999954
3222.623073 1.000007
3222.643505 0.999982
3222.663936 1.000048
3222.684368 0.999999
3222.704800 0.999919
3222.725231 0.999978
3222.745663 1.000024
3222.766095 1.000012
3222.786526 1.000105
3222.806958 1.000005
3222.827390 1.000051
3222.847821 0.999947
3222.868253 0.999974
3222.888684 0.999919
3222.909116 1.000043
3222.929548 1.000057
3222.949979 1.000048
3222.970411 0.999970
3222.990843 1.000027
3223.011274 1.000004
3223.031706 1.000083
3223.093001 1.000030
3223.113433 0.999889
3223.133864 0.999954
3223.154296 0.999950
3223.174728 0.999955
3223.195159 1.000043
3223.215591 1.000001
3223.236023 1.000017
3223.256454 1.000055
3223.276886 1.000058
3223.297318 1.000017
3223.317749 1.000069
3223.338181 1.000031
3223.358613 0.999952
3223.379044 0.999891
3223.399476 0.999991
3223.419908 0.999987
3223.440339 1.000000
3223.460771 0.999957
3223.481203 1.001153
3223.501634 0.999992
3223.522066 1.000047
3223.542498 0.999996
3223.562929 0.999934
3223.583361 0.999987
3223.603793 0.999978
3223.624224 0.999943
3223.644656 1.000048
3223.665087 0.999991
3223.685519 0.999988
3223.705951 0.999978
3223.726382 1.000063
3223.746814 0.999918
3223.767246 0.999982
3223.787677 0.999950
3223.808109 1.000005
3223.828541 1.000072
3223.848972 1.000075
3223.869404 1.000047
3223.889836 1.000174
3223.910267 0.999907
3223.930699 0.999921
3223.951131 0.999910
3223.971562 1.000027
3223.991994 1.000014
3224.012426 0.999969
3224.032857 1.000018
3224.053289 1.000021
3224.073721 1.000000
3224.094152 1.000015
3224.114584 0.999910
3224.135016 0.999931
3224.155447 0.999919
3224.175879 1.000013
3224.196311 1.000090
3224.216742 0.999973
3224.237174 0.999970
3224.257606 0.999974
3224.278037 0.999989
3224.298469 0.999910
3224.318901 1.000051
3224.339332 0.999984
3224.359764 1.000010
3224.380196 1.000081
3224.400627 0.999982
3224.421059 1.000000
3224.441491 1.000000
3224.461922 0.999985
3224.482354 1.000112
3224.502786 1.000051
3224.523217 1.000031
3224.543649 0.999962
3224.564081 0.999985
3224.584512 1.000076
3224.604944 0.999975
3224.625376 0.999946
3224.645807 1.000046
3224.666239 0.999984
3224.686671 0.999895
3224.707102 0.999998
3224.727534 1.000049
3224.747965 1.000066
3224.768397 0.999954
3224.788829 1.000086
3224.809260 1.000009
3224.829692 0.999969
3224.850124 0.999955
3224.870556 0.999995
3224.890987 1.000026
3224.911419 1.000051
3224.931851 1.000053
3224.952282 0.999976
3224.972714 0.999912
3224.993146 0.999937
3225.054441 1.000026
3225.074872 0.999998
3225.095304 1.000058
3225.115735 1.000077
3225.136167 0.999958
3225.156599 0.999877
3225.177030 0.999902
3225.197462 0.999945
3225.217894 1.000100
3225.238326 1.000061
3225.258757 0.999944
3225.279189 0.999976
3225.299621 0.999992
3225.320052 1.000001
3225.340484 1.000024
3225.360916 1.000024
3225.381347 1.000056
3225.401779 1.000008
3225.422211 0.999932
3225.442642 0.999928
3225.463074 1.000000
3225.483506 1.000068
3225.503937 1.000094
3225.524369 1.000034
3225.544801 1.000141
3225.565232 0.999995
3225.585664 0.999916
3225.606096 0.999978
3225.626527 0.999984
3225.646959 1.000062
3225.667391 1.000050
3225.687822 0.999965
3225.708254 1.000008
3225.728686 0.999988
3225.749117 1.000000
3225.769549 1.000034
3225.789981 1.000057
3225.810412 1.000065
3225.830844 0.999875
3225.851276 0.999919
3225.871707 0.999926
3225.892139 1.000048
3225.912571 1.000026
3225.933002 0.999923
3225.953434 1.000011
3225.973866 0.999956
3225.994297 1.000026
3226.014729 1.000026
3226.035161 1.000012
3226.055592 1.000059
3226.076024 0.999981
3226.096456 0.999948
3226.116887 1.000023
3226.137319 0.999964
3226.157751 1.000537
3226.178182 1.000043
3226.198614 1.000100
3226.219046 0.999991
3226.239477 1.000022
3226.259909 1.000013
3226.280341 0.999993
3226.300772 1.000044
3226.321204 1.000080
3226.341636 1.000080
3226.362067 1.000017
3226.382499 0.999991
3226.402931 1.000065
3226.423362 1.000088
3226.443794 1.000000
3226.464226 0.999987
3226.484657 1.000011
3226.505089 0.999984
3226.525521 0.999966
3226.545952 1.000079
3226.566384 1.000013
3226.586816 0.999983
3226.607248 0.999963
3226.627679 0.999977
3226.648111 1.000014
3226.668543 1.000054
3226.688974 0.999969
3226.709406 0.999960
3226.729838 0.999960
3226.750269 0.999954
3226.770701 0.999963
3226.791133 1.000026
3226.811564 0.999979
3226.831996 0.999958
3226.852428 1.000024
3226.872859 0.999971
3226.893291 0.999937
3226.913723 0.999921
3226.934154 1.000060
3226.954586 0.999960
3227.015881 1.000041
3227.036313 1.000000
3227.056745 1.000049
3227.077176 0.999950
3227.097608 1.000019
3227.118040 1.000022
3227.138471 1.000162
3227.158903 1.000033
3227.179335 1.000071
3227.199766 0.999992
3227.220198 1.000001
3227.240630 0.999987
3227.261061 1.000038
3227.281493 1.000008
3227.301925 1.000014
3227.322356 1.000002
3227.342788 0.999970
3227.363220 0.999858
3227.383651 0.999898
3227.404083 1.000005
3227.424515 1.000050
3227.444946 0.999989
3227.465378 1.000041
3227.485810 1.000017
3227.506242 0.999997
3227.526673 1.000025
3227.547105 1.000049
3227.567537 1.000019
3227.587968 0.999860
3227.608400 0.999960
3227.628832 1.000000
3227.649263 1.000081
3227.669695 1.000136
3227.690127 0.999949
3227.710558 0.999970
3227.730990 0.999963
3227.751422 0.999903
3227.771853 1.000012
3227.792285 1.000054
3227.812717 1.000043
3227.833148 1.000019
3227.853580 0.999960
3227.874012 1.000017
3227.894444 0.999994
3227.914875 0.999973
3227.935307 1.000000
3227.955739 0.999908
3227.976170 0.999980
3227.996602 0.999993
3228.017034 1.000006
3228.037465 1.000053
3228.057897 0.999961
3228.078329 0.999940
3228.098760 0.999997
3228.119192 1.000020
3228.139624 0.999993
3228.160055 0.999964
3228.180487 0.999923
3228.200919 0.999884
3228.221351 1.000116
3228.241782 1.000121
3228.262214 1.000125
3228.282646 1.000035
3228.303077 1.000070
3228.323509 0.999852
3228.343941 0.999961
3228.364372 0.999963
3228.384804 0.999906
3228.405236 0.999967
3228.425667 0.999989
3228.446099 1.000033
3228.466531 1.000038
3228.486962 0.999949
3228.507394 0.999939
3228.527826 1.000005
3228.548257 1.000075
3228.568689 1.000058
3228.589121 1.000071
3228.609553 0.999981
3228.629984 1.000022
3228.650416 1.000078
3228.670848 0.999968
3228.691279 0.999878
3228.711711 0.999988
3228.732143 1.000013
3228.752575 1.000116
3228.773006 1.000057
3228.793438 0.999914
3228.813870 0.999983
3228.834301 1.000075
3228.854733 1.000067
3228.875165 0.999988
3228.895596 0.999962
3228.916028 1.000000
3228.977323 1.000010
3228.997755 1.000078
3229.018187 0.999955
3229.038618 0.999967
3229.059050 1.000033
3229.079482 1.000024
3229.099913 0.999959
3229.120345 1.000025
3229.140777 0.999958
3229.161208 1.000028
3229.181640 1.000064
3229.202072 1.000092
3229.222503 1.000077
3229.242935 1.000015
3229.263367 0.999946
3229.283798 0.999869
3229.304230 0.999966
3229.324662 0.999998
3229.345094 1.000022
3229.365525 1.000043
3229.385957 0.999975
3229.406389 0.999894
3229.426820 1.000022
3229.447252 0.999951
3229.467684 0.999918
3229.488116 0.999966
3229.508547 1.000079
3229.528979 1.000065
3229.549411 0.999966
3229.569842 1.000020
3229.590274 0.999983
3229.610706 0.999995
3229.631137 1.000008
3229.651569 0.999978
3229.672001 0.999969
3229.692433 0.999961
3229.712864 0.999955
3229.733296 0.999979
3229.753728 1.000126
3229.774159 1.000062
3229.794591 0.999924
3229.815023 0.999878
3229.835454 0.999922
3229.855886 1.000044
3229.876318 1.000041
3229.896750 0.999976
3229.917181 0.999968
3229.937613 1.000035
3229.958045 0.999942
3229.978476 0.999916
3229.998908 1.000105
3230.019340 1.000069
3230.039772 1.000085
3230.060203 1.000073
3230.080635 1.000013
3230.101067 0.999937
3230.121498 0.999922
3230.141930 1.000076
3230.162362 1.000091
3230.182793 1.000132
3230.203225 1.000029
3230.223657 1.000023
3230.244089 0.999911
3230.264520 0.999894
3230.284952 0.999945
3230.305384 1.000085
3230.325815 0.999980
3230.346247 0.999984
3230.366679 0.999966
3230.387111 1.000059
3230.407542 0.999980
3230.427974 0.999941
3230.448406 0.999954
3230.468837 1.000043
3230.489269 1.000035
3230.509701 0.999928
3230.530132 0.999889
3230.550564 0.999964
3230.570996 1.000007
3230.591428 1.000028
3230.611859 0.999996
3230.632291 1.000034
3230.652723 1.000026
3230.673154 0.999994
3230.693586 1.000007
3230.714018 1.000024
3230.734449 1.000081
3230.754881 1.000055
3230.775313 0.999968
3230.795745 0.999913
3230.816176 0.999998
3230.836608 0.999986
3230.857040 1.000002
3230.877472 0.999960
3230.938767 0.999939
3230.959198 1.000014
3230.979630 1.000091
3231.000062 1.000087
3231.020493 0.999953
3231.040925 0.999930
3231.061357 0.999900
3231.081789 0.999934
3231.102220 1.000047
3231.122652 1.000082
3231.143084 1.000048
3231.163515 1.000068
3231.183947 1.000038
3231.204379 0.999947
3231.224811 0.999901
3231.245242 0.999819
3231.265674 0.999971
3231.286106 1.000028
3231.306537 1.000116
3231.326969 0.999978
3231.347401 0.999967
3231.367833 0.999917
3231.388264 0.999978
3231.408696 0.999942
3231.429128 0.999991
3231.449559 1.000070
3231.469991 1.000124
3231.490423 1.000048
3231.510855 0.999983
3231.531286 0.999967
3231.551718 1.000019
3231.572150 0.999968
3231.592582 1.000050
3231.613013 1.000023
3231.633445 0.999979
3231.653877 0.999899
3231.674308 0.999985
3231.694740 1.000043
3231.715172 1.000059
3231.735604 1.000060
3231.756035 0.999912
3231.776467 0.999995
3231.796899 1.000029
3231.817330 1.000000
3231.837762 1.000059
3231.858194 0.999950
3231.878626 0.999939
3231.899057 0.999930
3231.919489 0.999979
3231.939921 1.000062
3231.960352 1.000013
3231.980784 1.000157
3232.001216 0.999873
3232.021648 0.999912
3232.042079 0.999971
3232.062511 0.999996
3232.082943 0.999992
3232.103375 1.000005
3232.123806 1.000002
3232.144238 1.000060
3232.164670 0.999956
3232.185101 0.999995
3232.205533 0.999995
3232.225965 1.000042
3232.246397 1.000105
3232.266828 0.999964
3232.287260 0.999986
3232.307692 1.000044
3232.328124 1.000061
3232.348555 1.000038
3232.368987 0.999960
3232.389419 1.000000
3232.409850 0.999954
3232.430282 1.000032
3232.450714 1.000036
3232.471145 0.999997
3232.491577 0.999939
3232.512009 1.000034
3232.532441 1.000029
3232.552872 1.000040
3232.573304 0.999913
3232.593736 0.999934
3232.614168 1.000078
3232.634599 1.000019
3232.655031 1.000096
3232.675463 1.000239
3232.695895 1.000022
3232.716326 0.999993
3232.736758 1.000094
3232.757190 1.000035
3232.777622 0.999936
3232.798053 0.999964
3232.818485 0.999975
3232.838917 0.999985
3232.900212 0.999912
3232.920643 0.999945
3232.941075 0.999936
3232.961507 1.000377
3232.981939 1.000022
3233.002370 0.999976
3233.022802 0.999985
3233.043234 1.000054
3233.063666 0.999983
3233.084097 0.999948
3233.104529 1.000018
3233.124961 0.999963
3233.145393 1.000039
3233.165824 0.999960
3233.186256 0.999900
3233.206688 0.999983
3233.227119 1.000014
3233.247551 0.999966
3233.267983 1.000048
3233.288415 0.999958
3233.308846 0.999958
3233.329278 0.999983
3233.349710 1.000074
3233.370142 1.000102
3233.390573 1.000040
3233.411005 0.999937
3233.431437 0.999901
3233.451869 0.999990
3233.472300 1.000037
3233.492732 1.000092
3233.513164 1.000000
3233.533596 0.999971
3233.554027 0.999961
3233.574459 0.999986
3233.594891 1.000038
3233.615323 1.000054
3233.635754 1.000057
3233.656186 0.999995
3233.676618 0.999938
3233.697049 0.999988
3233.717481 1.000074
3233.737913 1.000144
3233.758345 1.000062
3233.778776 0.999960
3233.799208 1.000011
3233.819640 1.000081
3233.840072 1.000086
3233.860503 1.000062
3233.880935 0.999977
3233.901367 1.000022
3233.921799 0.999889
3233.942230 0.999908
3233.962662 1.000001
3233.983094 1.000062
3234.003526 1.000011
3234.023957 0.999931
3234.044389 0.999944
3234.064821 0.999988
3234.085253 1.000006
3234.105684 0.999995
3234.126116 0.999985
3234.146548 1.000036
3234.166980 1.000064
3234.187411 0.999964
3234.207843 0.999983
3234.228275 0.999974
3234.248707 1.000040
3234.269138 1.000017
3234.289570 1.000047
3234.310002 0.999946
3234.330434 0.999999
3234.350865 0.999990
3234.371297 1.000056
3234.391729 0.999985
3234.412160 0.999929
3234.432592 0.999915
3234.453024 0.999991
3234.473456 1.000068
3234.493888 1.000164
3234.514319 1.000015
3234.534751 1.000040
3234.555183 1.000032
3234.575614 1.000012
3234.596046 1.000084
3234.616478 0.999924
3234.636910 0.999908
3234.657342 0.999919
3234.677773 1.000053
3234.698205 1.000104
3234.718637 0.999960
3234.739068 1.000031
3234.759500 0.999923
3234.779932 1.000058
3234.800364 1.000117
3234.861659 0.999945
3234.882091 0.999901
3234.902523 0.999971
3234.922954 0.999897
3234.943386 0.999952
3234.963818 0.999819
3234.984250 0.999880
3235.004681 1.000083
3235.025113 1.000024
3235.045545 1.000024
3235.065977 1.000125
3235.086408 1.000037
3235.106840 1.000028
3235.127272 0.999999
3235.147703 1.000039
3235.168135 0.999969
3235.188567 1.000034
3235.208999 1.000071
3235.229431 1.000013
3235.249862 0.999921
3235.270294 0.999975
3235.290726 1.000092
3235.311158 1.000095
3235.331589 1.000017
3235.352021 0.999995
3235.372453 0.999908
3235.392885 0.999928
3235.413316 0.999947
3235.433748 0.999966
3235.454180 1.000096
3235.474612 0.999968
3235.495043 1.000026
3235.515475 1.000012
3235.535907 1.000025
3235.556339 1.000102
3235.576770 1.000067
3235.597202 1.000012
3235.617634 0.999985
3235.638066 0.999986
3235.658498 0.999987
3235.678929 0.999961
3235.699361 1.000055
3235.719793 1.000026
3235.740225 0.999948
3235.760656 0.999857
3235.781088 0.999984
3235.801520 1.000124
3235.821952 0.999571
3235.842383 1.000059
3235.862815 1.000059
3235.883247 0.999937
3235.903679 1.000003
3235.924110 0.999992
3235.944542 1.000110
3235.964974 0.999993
3235.985406 1.000035
3236.005838 0.999951
3236.026269 0.999898
3236.046701 0.999980
3236.067133 0.999606
3236.087564 0.999923
3236.107996 0.999957
3236.128428 0.999955
3236.148860 1.000093
3236.169292 1.000058
3236.189723 1.000009
3236.210155 1.000081
3236.230587 1.000063
3236.251019 1.000063
3236.271451 0.999967
3236.291882 0.999951
3236.312314 0.999979
3236.332746 1.000031
3236.353178 1.000049
3236.373609 1.000138
3236.394041 0.999998
3236.414473 0.999961
3236.434905 1.000002
3236.455336 1.000095
3236.475768 0.999987
3236.496200 1.000091
3236.516632 0.999979
3236.537063 0.999981
3236.557495 0.999887
3236.577927 0.999891
3236.598359 0.999957
3236.618791 1.000013
3236.639222 0.999990
3236.659654 1.000004
3236.680086 0.999956
3236.700518 1.000081
3236.720949 1.000030
3236.741381 1.000017
3236.761813 0.999950
3236.823108 1.000042
3236.843540 0.999897
3236.863972 1.000005
3236.884404 1.000025
3236.904835 0.999954
3236.925267 0.999941
3236.945699 1.000004
3236.966131 1.000121
3236.986562 1.000128
3237.006994 1.000106
3237.027426 1.000000
3237.047858 0.999998
3237.068290 0.999940
3237.088721 0.999920
3237.109153 0.999927
3237.129585 0.999969
3237.150017 1.000047
3237.170449 0.999986
3237.190880 1.000038
3237.211312 1.000033
3237.231744 0.999982
3237.252176 1.000044
3237.272608 0.999969
3237.293039 0.999912
3237.313471 0.999947
3237.333903 1.000023
3237.354335 1.000012
3237.374766 1.000016
3237.395198 0.999959
3237.415630 0.999962
3237.436062 0.999957
3237.456493 1.000022
3237.476925 1.000051
3237.497357 1.000020
3237.517789 1.000011
3237.538221 1.000019
3237.558652 1.000000
3237.579084 0.999932
3237.599516 0.999977
3237.619948 1.000044
3237.640380 1.000018
3237.660811 0.999949
3237.681243 0.999884
3237.701675 0.999989
3237.722107 1.000000
3237.742538 0.999956
3237.762970 0.999911
3237.783402 0.999959
3237.803834 0.999863
3237.824266 0.999924
3237.844697 1.000013
3237.865129 0.999998
3237.885561 1.000065
3237.905993 1.000046
3237.926425 0.999880
3237.946856 1.000265
3237.967288 1.000100
3237.987720 1.000061
3238.008152 1.000035
3238.028583 1.000009
3238.049015 1.000016
3238.069447 0.999997
3238.089879 1.000035
3238.110311 1.000054
3238.130742 1.000057
3238.151174 1.000073
3238.171606 0.999992
3238.192038 0.999957
3238.212470 1.000055
3238.232901 1.000059
3238.253333 1.000036
3238.273765 0.999964
3238.294197 0.999864
3238.314629 0.999959
3238.335060 0.999957
3238.355492 0.999985
3238.375924 0.999926
3238.396356 1.000189
3238.416788 1.000059
3238.437219 1.000024
3238.457651 0.999946
3238.478083 0.999892
3238.498515 0.999990
3238.518947 1.000004
3238.539378 0.999921
3238.559810 0.999954
3238.580242 0.999973
3238.600674 1.000000
3238.621106 1.000076
3238.641537 1.000056
3238.661969 0.999997
3238.682401 1.000010
3238.702833 0.999968
3238.723265 1.000092
3238.784560 1.000014
3238.804992 1.000064
3238.825423 0.999989
3238.845855 1.000093
3238.866287 1.000088
3238.886719 1.000053
3238.907151 0.999971
3238.927583 0.999947
3238.948014 1.000012
3238.968446 1.000050
3238.988878 1.000057
3239.009310 0.999954
3239.029741 0.999803
3239.050173 0.999845
3239.070605 0.999879
3239.091037 0.999957
3239.111469 1.000091
3239.131901 1.000051
3239.152332 1.000000
3239.172764 1.000017
3239.193196 1.000066
3239.213628 1.000105
3239.234060 1.000076
3239.254491 0.999983
3239.274923 1.000052
3239.295355 0.999980
3239.315787 1.000033
3239.336219 1.000072
3239.356650 1.000042
3239.377082 0.999986
3239.397514 0.999985
3239.417946 0.999941
3239.438378 1.000109
3239.458810 1.000082
3239.479241 0.999984
3239.499673 1.000078
3239.520105 0.999982
3239.540537 0.999935
3239.560969 0.999935
3239.581400 1.000058
3239.601832 0.999834
3239.622264 0.999908
3239.642696 0.999964
3239.663128 0.999967
3239.683559 0.999908
3239.703991 0.999957
3239.724423 1.000016
3239.744855 0.999974
3239.765287 0.999954
3239.785719 1.000000
3239.806150 1.000055
3239.826582 1.000013
3239.847014 0.999992
3239.867446 1.000030
3239.887877 1.000047
3239.908309 1.000037
3239.928741 1.000011
3239.949173 1.000028
3239.969605 1.000003
3239.990037 0.999951
3240.010469 0.999844
3240.030900 0.999892
3240.051332 0.999940
3240.071764 1.000034
3240.092196 0.999936
3240.112628 1.000039
3240.133059 1.000030
3240.153491 1.000099
3240.173923 0.999954
3240.194355 1.000026
3240.214787 0.999961
3240.235219 1.000027
3240.255650 1.000017
3240.276082 1.000014
3240.296514 0.999957
3240.316946 1.000053
3240.337378 1.000065
3240.357809 1.000046
3240.378241 0.999991
3240.398673 0.999961
3240.419105 1.000077
3240.439537 1.000084
3240.459969 1.000065
3240.480400 0.999928
3240.500832 0.999944
3240.521264 0.999952
3240.541696 1.000104
3240.562128 1.000068
3240.582560 0.999984
3240.602991 0.999966
3240.623423 1.000029
3240.643855 1.000026
3240.664287 0.999963
3240.684719 0.999997
3240.746014 1.000027
3240.766446 0.999912
3240.786878 0.999886
3240.807310 0.999959
3240.827741 0.999854
3240.848173 0.999864
3240.868605 0.999958
3240.889037 1.000053
3240.909469 0.999993
3240.929900 1.000055
3240.950332 0.999948
3240.970764 1.000191
3240.991196 1.000041
3241.011628 0.999920
3241.032060 0.999908
3241.052491 0.999900
3241.072923 0.999865
3241.093355 0.999847
3241.113787 1.000006
3241.134219 1.000103
3241.154651 0.999990
3241.175083 1.000030
3241.195514 1.000029
3241.215946 1.000002
3241.236378 1.000007
3241.256810 1.000083
3241.277242 1.000013
3241.297674 1.000009
3241.318105 0.999991
3241.338537 0.999930
3241.358969 0.999948
3241.379401 0.999858
3241.399833 0.999970
3241.420264 1.000035
3241.440696 1.000010
3241.461128 1.000000
3241.481560 1.000003
3241.501992 0.999994
3241.522424 1.000162
3241.542856 1.000091
3241.563287 1.000060
3241.583719 0.999949
3241.604151 0.999937
3241.624583 1.000012
3241.645015 1.000137
3241.665447 1.000092
3241.685879 1.000101
3241.706310 0.999945
3241.726742 1.000014
3241.747174 0.999986
3241.767606 1.000071
3241.788038 1.000031
3241.808470 1.000011
3241.828901 0.999962
3241.849333 0.999910
3241.869765 0.999995
3241.890197 1.000026
3241.910629 0.999997
3241.931061 1.000023
3241.951493 0.999992
3241.971924 1.000050
3241.992356 0.999967
3242.012788 0.999907
3242.033220 0.999998
3242.053652 1.000050
3242.074083 1.000195
3242.094515 1.000064
3242.114947 0.999929
3242.135379 0.999969
3242.155811 0.999996
3242.176243 0.999985
3242.196675 0.999866
3242.217106 0.999870
3242.237538 0.999986
3242.257970 1.000036
3242.278402 1.000089
3242.298834 1.000093
3242.319266 0.999899
3242.339698 0.999966
3242.360129 1.000044
3242.380561 1.000002
3242.400993 1.000050
3242.421425 1.000029
3242.441857 1.000017
3242.462289 1.000003
3242.482720 1.000002
3242.503152 0.999941
3242.523584 0.999873
3242.544016 0.999951
3242.564448 1.000087
3242.584880 1.000003
3242.605312 0.999969
3242.625744 0.999970
3242.646175 1.000026
3242.707471 1.000116
3242.727903 0.999903
3242.748335 0.999872
3242.768766 0.999833
3242.789198 0.999804
3242.809630 0.999757
3242.830062 0.999873
3242.850494 0.999971
3242.870926 0.999896
3242.891358 0.999917
3242.911790 0.999929
3242.932221 1.000072
3242.952653 1.000031
3242.973085 1.000038
3242.993517 0.999938
3243.013949 0.999959
3243.034381 0.999977
3243.054812 1.000056
3243.075244 1.000162
3243.095676 1.000087
3243.116108 1.000079
3243.136540 0.999984
3243.156972 0.999908
3243.177404 0.999830
3243.197836 0.999851
3243.218267 0.999924
3243.238699 0.999964
3243.259131 0.999985
3243.279563 0.999979
3243.299995 1.000078
3243.320427 0.999972
3243.340859 1.000021
3243.361291 1.000067
3243.381722 1.000017
3243.402154 1.000030
3243.422586 1.000111
3243.443018 0.999970
3243.463450 0.999924
3243.483882 0.999809
3243.504314 0.999854
3243.524745 0.999884
3243.545177 0.999978
3243.565609 0.999941
3243.586041 1.000015
3243.606473 1.000133
3243.626905 1.000097
3243.647337 1.000113
3243.667769 0.999920
3243.688201 0.999831
3243.708632 0.999908
3243.729064 0.999990
3243.749496 0.999918
3243.769928 1.000064
3243.790360 1.000052
3243.810792 1.000186
3243.831224 1.000068
3243.851655 1.000000
3243.872087 1.000124
3243.892519 1.000180
3243.912951 1.000037
3243.933383 1.000008
3243.953815 1.000000
3243.974247 1.000118
3243.994679 1.000139
3244.015111 1.000106
3244.035542 1.000010
3244.055974 1.000032
3244.076406 1.000077
3244.096838 1.000139
3244.117270 1.000104
3244.137702 1.000167
3244.158134 1.000075
3244.178566 1.000108
3244.198997 0.999891
3244.219429 0.999971
3244.239861 1.000000
3244.260293 1.000070
3244.280725 1.000029
3244.301157 1.000062
3244.321589 1.000024
3244.342021 1.000036
3244.362452 1.000000
3244.382884 1.000000
3244.403316 0.999992
3244.423748 1.000008
3244.444180 1.000000
